<?xml version='1.0' encoding='utf-8'?>
<!-- FreeCAD DocumentObject -->
<Document SchemaVersion="4" FileVersion="2">
<Object name="Body039" Extensions="True">
  <Extensions Count="1">
    <Extension type="App::OriginGroupExtension" name="OriginGroupExtension">
    </Extension>
  </Extensions>
  <Properties Count="21" TransientCount="2">
    <_Property name="_ElementMapVersion" type="App::PropertyString" status="234881024"/>
    <_Property name="_GroupTouched" type="App::PropertyBool" status="100663424"/>
    <Property name="AutoGroupSolids" type="App::PropertyBool" status="134217728">
      <Bool value="false"/>
    </Property>
    <Property name="BaseFeature" type="App::PropertyLink">
      <Link value=""/>
    </Property>
    <Property name="ClaimAllChildren" type="App::PropertyBool" status="8">
      <Bool value="false"/>
    </Property>
    <Property name="ColoredElements" type="App::PropertyLinkSubHidden" status="218103808">
      <LinkSub value="" count="0">
      </LinkSub>
    </Property>
    <Property name="ExportMode" type="App::PropertyEnumeration" status="8">
      <Integer value="0"/>
    </Property>
    <Property name="ExpressionEngine" type="App::PropertyExpressionEngine" status="67108864">
      <ExpressionEngine count="0"></ExpressionEngine>
    </Property>
    <Property name="FixShape" type="App::PropertyEnumeration">
      <Integer value="0"/>
    </Property>
    <Property name="Group" type="App::PropertyLinkList">
      <LinkList count="8">
        <Link value="Sketch303"/>
        <Link value="Pad114"/>
        <Link value="Sketch304"/>
        <Link value="Pocket179"/>
        <Link value="Sketch305"/>
        <Link value="Pocket180"/>
        <Link value="Sketch306"/>
        <Link value="Pad115"/>
      </LinkList>
    </Property>
    <Property name="InvalidShape" type="App::PropertyBool" status="67108864">
      <Bool value="false"/>
    </Property>
    <Property name="Label" type="App::PropertyString" status="134217728">
      <String value="Body039"/>
    </Property>
    <Property name="Label2" type="App::PropertyString" status="128">
      <String value=""/>
    </Property>
    <Property name="Origin" type="App::PropertyLink" status="67108864">
      <Link value="Origin039"/>
    </Property>
    <Property name="Placement" type="App::PropertyPlacement" status="8388608">
      <PropertyPlacement Px="0" Py="0" Pz="0" Q0="0" Q1="0" Q2="0" Q3="1" A="0" Ox="0" Oy="0" Oz="1"/>
    </Property>
    <Property name="Shape" type="Part::PropertyPartShape">
      <Part HasherIndex="0" ElementMap="1.15.70200.4" brep="1">
<![CDATA[

CASCADE Topology V1, (c) Matra-Datavision
Locations 32
1
              1               0               0               0 
              0               1               0               0 
              0               0               1               0 
1
              1               0               0               0 
              0               1               0               0 
              0               0               1               0 
1
              1               0               0               0 
              0 2.22044604925031e-16              -1               0 
              0               1 2.22044604925031e-16               0 
2  2 1 3 1 0
2  3 -1 2 -1 0
1
              1               0               0               0 
              0               1               0              -6 
              0               0               1 1.33226762955019e-15 
2  2 1 3 1 6 1 0
2  6 -1 3 -1 2 -1 0
1
              1               0               0               0 
              0               1               0               0 
              0               0               1               0 
1
             -1               0               0               0 
              0 2.22044604925031e-16               1               0 
              0               1 -2.22044604925031e-16               0 
2  9 1 10 1 0
2  10 -1 9 -1 0
1
              1               0               0               0 
              0               1               0               0 
              0               0               1               0 
1
             -1               0               0               0 
              0 2.22044604925031e-16               1               0 
              0               1 -2.22044604925031e-16               0 
2  13 1 14 1 0
2  14 -1 13 -1 0
1
              1               0               0              -0 
              0               1               0              -4 
              0               0               1 8.88178419700125e-16 
2  13 1 14 1 17 1 0
2  17 -1 14 -1 13 -1 0
1
              1               0               0               0 
              0               1               0               0 
              0               0               1               0 
1
             -1               0               0               0 
              0 2.22044604925031e-16               1              -4 
              0               1 -2.22044604925031e-16 8.88178419700125e-16 
2  20 1 21 1 0
2  21 -1 20 -1 0
1
              1               0               0               0 
              0               1               0               4 
              0               0               1 -8.88178419700125e-16 
2  20 1 21 1 24 1 0
2  24 -1 21 -1 20 -1 0
1
              1               0               0               0 
              0               1               0               4 
              0               0               1 -8.88178419700125e-16 
2  20 1 21 1 27 1 0
2  27 -1 21 -1 20 -1 0
1
              1               0               0               0 
              0               1               0               4 
              0               0               1 -8.88178419700125e-16 
2  20 1 21 1 30 1 0
2  30 -1 21 -1 20 -1 0
Curve2ds 36
1 0 0 1 0 
1 0 0 1 0 
1 0 0 1 0 
1 0 0 1 0 
1 0 0 1 0 
1 0 0 1 0 
1 0 0 1 0 
6 0 1 2.0602664402584058e-17 0  2.0602664402584058e-17 4.6188021535170067  
6 0 1 1.5707963267948966 0  1.5707963267948966 4.6188021535170067  
1 -6.2831853071795862 4.6188021535170067 1 0 
6 0 1 1.5707963267948966 0  1.5707963267948966 4.6188021535170058  
6 0 1 3.1415926535897931 0  3.1415926535897931 4.6188021535170058  
1 -6.2831853071795862 4.6188021535170058 1 0 
6 0 1 3.1415926535897931 0  3.1415926535897931 4.6188021535170058  
6 0 1 4.7123889803846897 0  4.7123889803846897 4.6188021535170058  
1 0 4.6188021535170058 1 0 
6 0 1 4.7123889803846897 0  4.7123889803846897 4.6188021535170058  
6 0 1 6.2831853071795862 0  6.2831853071795862 4.6188021535170058  
1 0 4.6188021535170058 1 0 
6 0 1 6.2831853071795862 0  6.2831853071795862 4.6188021535170058  
6 0 1 0 0  0 4.6188021535170058  
1 0 4.6188021535170058 1 0 
7 0 0  5 6 2  3.1066909536966905 4.1799573542334425  3.0460103120309876 4.1894324875874265  2.9854098278978363 4.2377255403252718  2.9253290800328742 4.3249018773347245  2.8661973944923589 4.4515492782855448  2.8083539567913567 4.618802153517013 
 0.017419053282283232 6 0.30284228043021233 6
7 0 0  5 6 2  5.267436484958884e-18 4.1799573542334416  0.053685399319120801 4.1894324875874256  0.10730802361643255 4.2377255403252647  0.16052398469758034 4.3249018773347316  0.21299593322081742 4.4515492782855439  0.26444853262967977 4.6188021535170121 
 0.017419053282283232 6 0.30284228043021233 6
7 0 0  5 6 2  3.4420646421469314 4.6188021535170147  3.3771609666831348 4.4311347747121417  3.3106354882363007 4.2945901201668022  3.2429667529642217 4.2075662303798111  3.174778135754639 4.1693257077645383  3.1066909536966909 4.1799573542334425 
 -0.30284228043021283 6 0.017419053282282972 6
7 0 0  5 6 2  5.9859700663086075 4.6188021535170138  6.043702852369206 4.4311347747121408  6.102718943140502 4.2945901201667951  6.1626297367548375 4.2075662303798111  6.2229471907563614 4.1693257077645374  6.2831853071795862 4.1799573542334416 
 -0.30284228043021283 6 0.017419053282282972 6
6 0 1 6.2831853071795862 0  6.2831853071795862 4.6188021535170058  
6 0 1 0 0  0 4.6188021535170058  
1 0 4.6188021535170058 1 0 
7 0 0  6 7 2  3.1415926535897931 2.8331220000000203  3.0358393534479227 2.8331220000000203  2.9300868100872322 2.948406438349167  2.8264148909487403 3.1789745705482915  2.7269382332450505 3.5285417188728161  2.6329445374102622 4.0045279042400885  2.5450882382931459 4.6188021535170236 
 0 7 0.62166890950073683 7
7 0 0  6 7 2  0 2.8331220000000212  0.10151304774659851 2.8331220000000212  0.20302540627071153 2.9484064383491386  0.3026205038646097 3.1789745705484052  0.39835102337272588 3.5285417188727592  0.48899340806604069 4.0045279042400903  0.57390320596777733 4.6188021535170254 
 0 7 0.62166890950073683 7
7 0 0  6 7 2  3.7380970688864403 4.6188021535170272  3.650240769769324 4.0045279042400921  3.5562470739345144 3.5285417188727592  3.4567704162307678 3.1789745705483483  3.3530984970923328 2.9484064383491386  3.2473459537316636 2.8331220000000203  3.1415926535897931 2.8331220000000203 
 -0.62166890950073717 7 -2.4999244171053256e-16 7
7 0 0  6 7 2  5.7092821012118087 4.6188021535170289  5.794191899113545 4.004527904240093  5.8848342838068675 3.5285417188727877  5.9805648033147918 3.1789745705483483  6.0801599009088818 2.9484064383491386  6.1816722594329878 2.8331220000000217  6.2831853071795862 2.8331220000000212 
 -0.62166890950073717 7 -2.4999244171053256e-16 7
6 0 1 6.2831853071795862 0  6.2831853071795862 4.6188021535170058  
6 0 1 0 0  0 4.6188021535170058  
1 0 4.6188021535170058 1 0 
Curves 119
1 -25 5.5511151231257827e-15 25 0 -1 2.2204460492503131e-16 
1 25 5.5511151231257827e-15 25 0 -1 2.2204460492503131e-16 
1 -25 25 0 1 0 0 
1 -25 25 0 1 0 0 
1 -25 -5.5511151231257827e-15 -25 0 -1 2.2204460492503131e-16 
1 -25 -25 0 0 1 0 
1 -25 -25 0 0 1 0 
1 25 -5.5511151231257827e-15 -25 0 -1 2.2204460492503131e-16 
1 25 25 0 0 -1 0 
1 25 25 0 0 -1 0 
1 25 -25 0 -1 0 0 
1 23.800000000000001 -9 0 -1 0 0 
1 23.800000000000001 9 0 0 -1 0 
1 17.399999999999999 9 0 1 0 0 
1 22.127869499999999 -22.127869499999999 0 0 1 0 
1 22.127869499999999 22.127869499999999 0 -1 0 0 
1 -22.127869499999999 22.127869499999999 0 0 -1 0 
1 -22.127869499999999 -22.127869499999999 0 1 0 0 
1 22.127869499999999 -22.127869499999999 0 0 1 0 
1 25 -25 0 -1 0 0 
1 -10.300000000000001 -5.9999999999999982 9.1047303895693101 1 -8.3787978798223297e-35 -3.7734751009380546e-19 
1 -17.295269610430694 -6 1.5533194064631712e-15 1.1480919747550581e-19 -2.2204460492503131e-16 -1 
1 -10.300000000000001 -6.0000000000000018 -9.1047303895693048 -1 -8.3787978798287198e-35 -3.7734751009409324e-19 
1 -23.904730389569309 -6 1.5542784925752577e-15 -2.8230312086051054e-21 2.2204460492503131e-16 1 
7 0 0  1 2 2  -23.800000000000001 -1.9984014443252818e-15 -9  -24.00946077913861 -12.000000000000002 -9.2094607791386096 
 0 2 1 2
7 0 0  1 2 2  -17.399999999999999 -1.9984014443252818e-15 -9  -17.190539220861389 -12.000000000000002 -9.2094607791386078 
 0 2 1 2
1 -10.300000000000001 -4.0000000000000018 -9.0698202597128716 1 8.3787978798287198e-35 3.7734751009409324e-19 
1 -10.300000000000001 -4.0000000000000018 -9.0698202597128716 1 8.3787978798287198e-35 3.7734751009409324e-19 
1 -22.127869499999999 -3.11453900958153 -9.054364480633712 0 0.99984769515639127 0.017452406437283248 
7 0 0  1 2 2  -23.800000000000001 1.9984014443252818e-15 9  -24.009460779138614 -11.999999999999998 9.2094607791386149 
 0 2 1 2
7 0 0  1 2 2  -17.399999999999999 1.9984014443252818e-15 9  -17.190539220861389 -11.999999999999998 9.2094607791386149 
 0 2 1 2
1 -22.127869499999999 -2.7284132552572138 9.0476246305215291 0 -0.99984769515639127 0.017452406437283838 
1 -10.300000000000001 -3.9999999999999978 9.0698202597128734 -1 8.3787978798223297e-35 3.7734751009380546e-19 
1 -10.300000000000001 -3.9999999999999978 9.0698202597128734 -1 8.3787978798223297e-35 3.7734751009380546e-19 
1 -22.127869499999999 4.9133740409601499e-15 22.127869499999999 0 -1 2.2204460492503131e-16 
1 22.127869499999999 -22.127869499999999 0 0 1 0 
1 22.127869499999999 4.9133740409601499e-15 22.127869499999999 0 -1 2.2204460492503131e-16 
1 22.127869499999999 22.127869499999999 0 -1 0 0 
1 22.127869499999999 -4.9133740409601499e-15 -22.127869499999999 0 -1 2.2204460492503131e-16 
1 -22.127869499999999 22.127869499999999 0 0 -1 0 
1 -22.127869499999999 -4.9133740409601499e-15 -22.127869499999999 0 -1 2.2204460492503131e-16 
1 -22.127869499999999 -22.127869499999999 0 1 0 0 
1 22.127869499999999 -22.127869499999999 0 0 1 0 
1 -17.330179740287129 -4 1.4303338016850608e-15 -1.1480919747550581e-19 2.2204460492503131e-16 1 
1 -17.330179740287129 -4 1.4303338016850608e-15 -1.1480919747550581e-19 2.2204460492503131e-16 1 
1 -17.330179740287129 -4 1.4303338016850608e-15 -1.1480919747550581e-19 2.2204460492503131e-16 1 
1 19.344913100851116 9 0 0 1 0 
2 14.369644767665301 10.769215607782893 0 0 0 1 1 0 -0 -0 1 0 4.9752683331858139
1 14.369644767665301 15.744483940968708 0 -1 0 0 
2 -11.996324232334699 11.178395798798995 0 0 0 1 1 0 -0 -0 1 0 4.5660881421697139
1 -16.562412374504412 11.178395798798995 0 0 -1 0 
1 -16.562412374504412 10.769215607782893 0 1 0 0 
1 14.369644767665301 10.769215607782893 0 0 -1 0 
1 19.344913100851116 9 0 -1 0 0 
1 19.344913100851116 -9.0000000000000018 0 -1 0 0 
1 14.369644767665301 -10.769215607782895 0 0 1 0 
1 -16.562412374504412 -10.769215607782895 0 1 0 0 
1 -16.562412374504412 -11.178395798798997 0 0 1 0 
2 -11.996324232334699 -11.178395798798997 0 0 0 1 1 0 -0 -0 1 0 4.5660881421697139
1 -11.996324232334699 -15.74448394096871 0 1 0 0 
2 14.369644767665303 -10.769215607782895 0 0 0 1 1 0 -0 -0 1 0 4.9752683331858139
1 19.344913100851116 -10.769215607782895 0 0 1 0 
2 9.5271109999999997 -0.15609999999999999 0 0 0 1 1 0 -0 -0 1 0 2.3834909999999998
2 0 0 0 0 0 1 1 0 -0 -0 1 0 2.9663870000000001
2 -8.9489739999999998 0 0 0 0 1 1 0 -0 -0 1 0 3.1494650000000002
1 19.344913100851116 -9.0000000000000018 0 -1 0 0 
1 19.344913100851116 -10.769215607782895 0 0 1 0 
1 19.344913100851116 9 0 -1 0 0 
1 19.344913100851116 9 0 0 1 0 
7 0 0  1 2 2  -19.344913100851116 -3.9999999999999978 10.769215607782893  -21.654314177609621 2.3912462249826335e-15 10.769215607782893 
 0 2 1 2
1 -21.654314177609621 1.9984014443252818e-15 9 7.596454196607839e-65 2.2204460492503136e-16 1 
7 0 0  1 2 2  -19.344913100851116 -3.9999999999999982 9  -21.654314177609621 1.4856113946229977e-15 6.6905989232414953 
 0 2 1 2
6 0 1 -14.369644767665301 -3.9999999999999964 15.744483940968706  -14.369644767665305 4.0087677661231804e-15 18.053885017727211  
2 -14.369644767665303 2.3912462249826335e-15 10.769215607782893 1.5407439555097887e-33 1 -2.2204460492503136e-16 -1 1.5407439555097887e-33 -3.4211388289180112e-49 0 2.2204460492503136e-16 1 7.2846694099443177
6 0 1 11.996324232334699 -3.9999999999999964 15.74448394096871  11.996324232334697 4.0087677661231804e-15 18.053885017727211  
1 -14.369644767665303 4.0087677661231804e-15 18.053885017727211 1 -1.5407439555097887e-33 3.4211388289180112e-49 
6 0 1 16.562412374504412 -3.9999999999999973 11.178395798798995  18.871813451262913 2.482102478839953e-15 11.178395798798997  
2 11.996324232334697 2.4821024788399526e-15 11.178395798798995 1.5407439555097887e-33 1 -2.2204460492503136e-16 -1 1.5407439555097887e-33 -3.4211388289180112e-49 0 2.2204460492503136e-16 1 6.8754892189282169
7 0 0  1 2 2  16.562412374504412 -3.9999999999999973 10.769215607782893  18.871813451262916 1.8784561752803494e-15 8.4598145310243886 
 0 2 1 2
1 18.871813451262916 2.4821024788399526e-15 11.178395798798995 -7.596454196607839e-65 -2.2204460492503136e-16 -1 
7 0 0  1 2 2  -14.369644767665299 -3.9999999999999978 10.769215607782893  -12.060243690906795 1.8784561752803494e-15 8.4598145310243904 
 0 2 1 2
1 16.562412374504412 1.8784561752803494e-15 8.4598145310243904 -1 1.5407439555097887e-33 -3.4211388289180112e-49 
7 0 0  1 2 2  -14.369644767665301 -3.9999999999999982 9  -12.060243690906798 1.4856113946229979e-15 6.6905989232414971 
 0 2 1 2
1 -12.060243690906798 2.3912462249826335e-15 10.769215607782893 -7.596454196607839e-65 -2.2204460492503136e-16 -1 
1 -19.344913100851116 1.4856113946229977e-15 6.6905989232414971 1 -1.5407439555097887e-33 3.4211388289180112e-49 
7 0 0  1 2 2  -14.369644767665301 -4.0000000000000018 -9  -12.060243690906798 -1.4856113946229981e-15 -6.6905989232414989 
 0 2 1 2
1 -19.344913100851116 -1.4856113946229981e-15 -6.6905989232414989 1 2.311115933264683e-33 -5.1317082433770172e-49 
7 0 0  1 2 2  -19.344913100851116 -4.0000000000000027 -9  -21.654314177609621 -1.4856113946229979e-15 -6.6905989232414971 
 0 2 1 2
7 0 0  1 2 2  -14.369644767665301 -4.0000000000000027 -10.769215607782893  -12.060243690906798 -1.8784561752803502e-15 -8.4598145310243922 
 0 2 1 2
1 -12.060243690906798 -2.3912462249826339e-15 -10.769215607782895 -1.5192908393215678e-64 2.2204460492503136e-16 1 
7 0 0  1 2 2  16.562412374504412 -4.0000000000000027 -10.769215607782893  18.871813451262916 -1.8784561752803502e-15 -8.4598145310243922 
 0 2 1 2
1 16.562412374504412 -1.8784561752803502e-15 -8.4598145310243922 -1 -2.311115933264683e-33 5.1317082433770172e-49 
6 0 1 16.562412374504412 -4.0000000000000027 -11.178395798798995  18.871813451262913 -2.4821024788399526e-15 -11.178395798798997  
1 18.871813451262916 -2.482102478839953e-15 -11.178395798798997 -1.5192908393215678e-64 2.2204460492503136e-16 1 
6 0 1 11.996324232334699 -4.0000000000000036 -15.74448394096871  11.996324232334699 -4.0087677661231812e-15 -18.053885017727215  
2 11.996324232334697 -2.482102478839953e-15 -11.178395798798997 -2.311115933264683e-33 1 -2.2204460492503136e-16 -1 -2.311115933264683e-33 5.1317082433770172e-49 0 2.2204460492503136e-16 1 6.8754892189282169
6 0 1 -14.369644767665301 -4.0000000000000036 -15.74448394096871  -14.369644767665303 -4.0087677661231812e-15 -18.053885017727211  
1 11.996324232334697 -4.0087677661231812e-15 -18.053885017727211 -1 -2.311115933264683e-33 5.1317082433770172e-49 
6 0 1 -19.344913100851116 -4.0000000000000027 -10.769215607782897  -21.654314177609621 -2.3912462249826343e-15 -10.769215607782897  
2 -14.369644767665303 -2.3912462249826339e-15 -10.769215607782895 -2.311115933264683e-33 1 -2.2204460492503136e-16 -1 -2.311115933264683e-33 5.1317082433770172e-49 0 2.2204460492503136e-16 1 7.2846694099443159
1 -21.654314177609621 -2.3912462249826339e-15 -10.769215607782895 -1.5192908393215678e-64 2.2204460492503136e-16 1 
6 0 1 -11.910601999999999 -4 -0.1560999999999991  -14.220003076758502 -3.4661162828797385e-17 -0.15609999999999999  
2 9.5271109999999997 -0.15609999999999999 0 0 0 1 1 0 -0 -0 1 0 4.6928920767585023
5 -4.7635554999999989 -8.6331302551474778 -0.078049999999998093 0.99924273925967122 0.035297197402575392 0.016372412539166867 -0.035292460372404542 0.99937685977589241 -0.00057826061480069487 -0.016382621209418777 2.2204460492503126e-16 0.99986579585577817 8.2569728320338296 4.7552719025704775
5 -4.7635554999999989 -8.6331302551474778 -0.078049999999998093 0.99924273925967122 0.035297197402575392 0.016372412539166867 -0.035292460372404542 0.99937685977589241 -0.00057826061480069487 -0.016382621209418777 2.2204460492503126e-16 0.99986579585577817 8.2569728320338296 4.7552719025704775
2 9.5271109999999997 -0.15609999999999999 0 0 0 1 1 0 -0 -0 1 0 4.6928920767585023
6 0 1 -2.9663870000000001 -4 8.8817841970012523e-16  -5.275788076758503 0 0  
2 0 0 0 0 0 1 1 0 -0 -0 1 0 5.275788076758503
5 4.474486999999999 -9.2964831977858466 2.06423393884455e-15 0.99993025242099198 0.011810600886129502 -2.62248020768785e-18 -0.011810600886129502 0.99993025242099198 -2.22029117851406e-16 0 2.2204460492503131e-16 1 7.7505794059559214 4.4735505501388948
5 4.474486999999999 -9.2964831977858466 2.06423393884455e-15 0.99993025242099198 0.011810600886129502 -2.62248020768785e-18 -0.011810600886129502 0.99993025242099198 -2.22029117851406e-16 0 2.2204460492503131e-16 1 7.7505794059559214 4.4735505501388948
2 0 0 0 0 0 1 1 0 -0 -0 1 0 5.275788076758503
6 0 1 5.7995089999999996 -4 8.8817841970012523e-16  3.4901079232414967 0 0  
2 -8.9489739999999998 0 0 0 0 1 1 0 -0 -0 1 0 5.4588660767585031
2 0 0 0 0 0 1 1 0 -0 -0 1 0 5.275788076758503
2 0 0 0 0 0 1 1 0 -0 -0 1 0 5.275788076758503
2 9.5271109999999997 -0.15609999999999999 0 0 0 1 1 0 -0 -0 1 0 4.6928920767585023
2 -8.9489739999999998 0 0 0 0 1 1 0 -0 -0 1 0 5.4588660767585031
2 -8.9489739999999998 0 0 0 0 1 1 0 -0 -0 1 0 5.4588660767585031
2 0 0 0 0 0 1 1 0 -0 -0 1 0 5.275788076758503
Polygon3D 0
PolygonOnTriangulations 0
Surfaces 44
1 -25 5.5511151231257827e-15 25 0 2.2204460492503131e-16 1 1 0 -0 -0 1 -2.2204460492503131e-16 
1 -25 -5.5511151231257827e-15 -25 -1 0 0 0 2.2204460492503131e-16 1 0 1 -2.2204460492503131e-16 
1 25 5.5511151231257827e-15 25 1 0 0 0 -2.2204460492503131e-16 -1 0 1 -2.2204460492503131e-16 
1 0 0 0 0 1 -2.2204460492503131e-16 0 2.2204460492503131e-16 1 1 -0 0 
1 0 0 0 0 1 -2.2204460492503131e-16 0 2.2204460492503131e-16 1 1 -0 0 
1 25 -5.5511151231257827e-15 -25 -0 -2.2204460492503131e-16 -1 -1 0 0 0 1 -2.2204460492503131e-16 
1 -20.600000000000001 -6.0000000000000018 -9.1047303895693048 3.7729003824058221e-19 0.017452406437283248 -0.99984769515639127 1 -2.1250286150969844e-16 -3.3319037349896661e-18 -2.1252864603280275e-16 -0.99984769515639127 -0.017452406437283248 
1 -23.904730389569306 -6 1.7763568394002505e-15 -0.99984769515639127 0.017452406437283397 -3.8780352936049435e-18 5.7367047247174541e-19 -1.893407769180486e-16 -1 -0.017452406437283397 -0.99984769515639127 1.8930192747038469e-16 
1 -20.600000000000001 -5.9999999999999982 9.1047303895693084 3.7729003824029448e-19 0.017452406437283838 0.99984769515639127 -1 2.1250286150969834e-16 -3.3319037349900778e-18 -2.1252864603280265e-16 -0.99984769515639127 0.017452406437283838 
1 -22.127869499999999 -4.9133740409601499e-15 -22.127869499999999 -1 0 0 0 2.2204460492503131e-16 1 0 1 -2.2204460492503131e-16 
1 -22.127869499999999 4.9133740409601499e-15 22.127869499999999 0 2.2204460492503131e-16 1 1 0 -0 -0 1 -2.2204460492503131e-16 
1 22.127869499999999 4.9133740409601499e-15 22.127869499999999 1 0 0 0 -2.2204460492503131e-16 -1 0 1 -2.2204460492503131e-16 
1 22.127869499999999 -4.9133740409601499e-15 -22.127869499999999 -0 -2.2204460492503131e-16 -1 -1 0 0 0 1 -2.2204460492503131e-16 
1 -22.127869499999999 -4.9133740409601499e-15 -22.127869499999999 -1 0 0 0 2.2204460492503131e-16 1 0 1 -2.2204460492503131e-16 
1 -17.295269610430694 -6 1.7763568394002505e-15 0.99984769515639127 0.017452406437283397 -3.7604209808790257e-18 2.4395283630162312e-18 7.5706704092451129e-17 1 0.017452406437283397 -0.99984769515639127 7.565259795421755e-17 
1 -6.4221522615188975e-16 1.4260042616773599e-31 6.4221522615188975e-16 0 1 -2.2204460492503131e-16 0 2.2204460492503131e-16 1 1 -0 0 
10 2.0602664402584058e-17 1.5707963267948966 0 4.6188021535170067
3 -14.369644767665301 -3.9999999999999978 10.769215607782893 0 1 -2.2204460492503131e-16 -1 0 0 0 2.2204460492503131e-16 1 4.9752683331858139
0.52359877559829904
10 1.5707963267948966 3.1415926535897931 0 4.6188021535170058
3 11.996324232334699 -3.9999999999999973 11.178395798798995 0 1 -2.2204460492503131e-16 -1 0 0 0 2.2204460492503131e-16 1 4.5660881421697139
0.52359877559829882
10 3.1415926535897931 4.7123889803846897 0 4.6188021535170058
3 11.996324232334699 -4.0000000000000027 -11.178395798798995 0 1 -2.2204460492503131e-16 -1 0 0 0 2.2204460492503131e-16 1 4.5660881421697139
0.52359877559829882
10 4.7123889803846897 6.2831853071795862 0 4.6188021535170058
3 -14.369644767665303 -4.0000000000000027 -10.769215607782893 0 1 -2.2204460492503131e-16 -1 0 0 0 2.2204460492503131e-16 1 4.9752683331858139
0.5235987755982987
10 0 6.2831853071795862 0 4.6188021535170058
3 -9.5271109999999997 -4 -0.1560999999999991 0 1 -2.2204460492503131e-16 -1 0 0 0 2.2204460492503131e-16 1 2.3834909999999998
0.52359877559829882
10 0 6.2831853071795862 0 4.6188021535170058
3 0 -4 8.8817841970012523e-16 0 1 -2.2204460492503131e-16 -1 0 0 0 2.2204460492503131e-16 1 2.9663870000000001
0.52359877559829882
10 0 6.2831853071795862 0 4.6188021535170058
3 8.9489739999999998 -4 8.8817841970012523e-16 0 1 -2.2204460492503131e-16 -1 0 0 0 2.2204460492503131e-16 1 3.1494650000000002
0.52359877559829882
1 11.996324232334699 -4.0000000000000027 -11.178395798798995 0 1 -2.2204460492503131e-16 -1 0 0 0 2.2204460492503131e-16 1 
1 -14.369644767665301 -3.9999999999999978 10.769215607782893 0 1 -2.2204460492503131e-16 -1 0 0 0 2.2204460492503131e-16 1 
1 -20.499613639230368 -1.999999999999998 9.3072575347018205 -0.86602540378443849 -0.50000000000000033 2.7755575615628914e-17 -0.19742754637312851 0.34195454113191898 0.9187434112592836 -0.45937170562964202 0.79565513371011332 -0.39485509274625674 
1 -14.369644767665303 4.0087677661231804e-15 18.053885017727211 -7.70371977754894e-34 -0.49999999999999961 0.86602540378443893 1 -1.5407439555097894e-33 8.5528470722950261e-50 1.3343234061987989e-33 0.86602540378443893 0.49999999999999961 
1 17.717112912883664 -1.9999999999999976 10.39645543410132 0.8660254037844386 -0.50000000000000033 1.3877787807814457e-16 -0.14338083890086989 -0.24834289780815488 -0.95800195205663918 0.47900097602831987 0.82965402735613114 -0.28676167780173983 
1 2.2510843417988085 -1.999999999999998 9.614515069403641 -5.2041704279304213e-18 -0.50000000000000011 -0.8660254037844386 -0.9999357480104345 -0.0098170712592781356 0.0056678887341979761 -0.011335777468395942 0.8659697599292312 -0.49996787400521736 
1 -13.214944229286051 -1.9999999999999982 8.7299072655121961 0.86602540378443871 -0.50000000000000011 -2.775557561562891e-17 -0.24582603604440997 -0.42578318425217609 -0.87079173170785795 0.43539586585392898 0.75412776106444812 -0.49165207208881978 
1 -16.857278934258211 -1.9999999999999982 7.8452994616207476 -8.1502651614615685e-18 -0.49999999999999989 -0.86602540378443871 -1 1.8934910331298126e-16 -9.9909640198690627e-17 2.139359537521913e-16 0.86602540378443871 -0.49999999999999989 
1 -16.857278934258208 -2.0000000000000018 -7.8452994616207494 -4.0751325807307596e-18 -0.49999999999999961 0.86602540378443882 1 -9.4674551656490607e-17 -4.9954820099345282e-17 1.0696797687609561e-16 0.86602540378443882 0.49999999999999961 
1 -13.214944229286051 -2.0000000000000022 -8.7299072655121961 0.86602540378443871 -0.5 3.0531133177191805e-16 0.24582603604440995 0.42578318425217571 -0.87079173170785795 0.43539586585392887 0.75412776106444845 0.49165207208881956 
1 2.2510843417988067 -2.0000000000000022 -9.6145150694036428 -2.6020852139652106e-18 -0.49999999999999967 0.86602540378443893 0.9999357480104345 0.0098170712592781269 0.0056678887341979631 -0.011335777468395928 0.86596975992923131 0.49996787400521681 
1 17.717112912883664 -2.0000000000000022 -10.396455434101318 0.8660254037844386 -0.50000000000000011 -1.1102230246251565e-16 0.14338083890086978 0.24834289780815474 -0.95800195205663929 0.47900097602831965 0.82965402735613125 0.28676167780173961 
1 11.996324232334697 -4.0087677661231812e-15 -18.053885017727211 1.1555579666323403e-33 -0.49999999999999972 -0.86602540378443882 -1 -2.311115933264683e-33 6.8422776578360209e-49 -2.0014851092981976e-33 0.86602540378443882 -0.49999999999999972 
1 -20.499613639230368 -2.0000000000000022 -9.3072575347018205 -0.86602540378443871 -0.50000000000000011 5.5511151231257827e-17 0.19742754637312837 -0.34195454113191887 0.9187434112592836 -0.4593717056296418 0.79565513371011354 0.39485509274625658 
1 -14.369644767665303 2.3912462249826335e-15 10.769215607782893 1.5407439555097887e-33 1 -2.2204460492503136e-16 -1 1.5407439555097887e-33 -3.4211388289180112e-49 0 2.2204460492503136e-16 1 
1 11.996324232334697 -2.482102478839953e-15 -11.178395798798997 -2.311115933264683e-33 1 -2.2204460492503136e-16 -1 -2.311115933264683e-33 5.1317082433770172e-49 0 2.2204460492503136e-16 1 
1 -9.5271109999999997 -3.4661162828797385e-17 -0.15609999999999999 0 1 -2.2204460492503131e-16 -1 0 0 0 2.2204460492503131e-16 1 
1 0 0 0 0 1 -2.2204460492503131e-16 -1 0 0 0 2.2204460492503131e-16 1 
1 8.9489739999999998 0 0 0 1 -2.2204460492503131e-16 -1 0 0 0 2.2204460492503131e-16 1 
1 0 0 0 0 1 -2.2204460492503131e-16 -1 0 0 0 2.2204460492503131e-16 1 
1 8.9489739999999998 0 0 0 1 -2.2204460492503131e-16 -1 0 0 0 2.2204460492503131e-16 1 
Triangulations 0

TShapes 290
Ve
1e-07
-25 5.55111512312578e-15 25
0 0

0101101
*
Ve
1e-07
-25 -5.99999999999999 25
0 0

0101101
*
Ed
 1e-07 1 1 0
1  1 0 0 6
0

0101000
+290 0 -289 0 *
Ve
1e-07
25 5.55111512312578e-15 25
0 0

0101101
*
Ve
1e-07
25 -5.99999999999999 25
0 0

0101101
*
Ed
 1e-07 1 1 0
1  2 0 0 6
0

0101000
+287 0 -286 0 *
Ed
 1e-07 1 1 0
1  3 0 0 50
0

0101000
+290 5 -287 5 *
Ed
 1e-07 1 1 0
1  4 0 0 50
0

0101000
+289 8 -286 8 *
Wi

0101100
+288 0 -285 0 -284 4 +283 7 *
Fa
0  1e-07 1 0

0101000
+282 0 *
Ve
1e-07
-25 -5.55111512312578e-15 -25
0 0

0101101
*
Ve
1e-07
-25 -6.00000000000001 -25
0 0

0101101
*
Ed
 1e-07 1 1 0
1  5 0 0 6
0

0101000
+280 0 -279 0 *
Ed
 1e-07 1 1 0
1  6 0 0 50
0

0101000
+280 5 -290 5 *
Ed
 1e-07 1 1 0
1  7 0 0 50
0

0101000
+279 8 -289 8 *
Wi

0101100
+278 0 -288 0 -277 4 +276 7 *
Fa
0  1e-07 2 0

0101000
+275 0 *
Ve
1e-07
25 -5.55111512312578e-15 -25
0 0

0101101
*
Ve
1e-07
25 -6.00000000000001 -25
0 0

0101101
*
Ed
 1e-07 1 1 0
1  8 0 0 6
0

0101000
+273 0 -272 0 *
Ed
 1e-07 1 1 0
1  9 0 0 50
0

0101000
+287 5 -273 5 *
Ed
 1e-07 1 1 0
1  10 0 0 50
0

0101000
+286 8 -272 8 *
Wi

0101100
+285 0 -271 0 -270 4 +269 7 *
Fa
0  1e-07 3 0

0101000
+268 0 *
Ed
 1e-07 1 1 0
1  11 0 0 50
0

0101000
+273 5 -280 5 *
Wi

0101100
+284 4 +277 4 +270 4 +266 4 *
Ve
1e-07
-23.8 -1.99840144432528e-15 -9
0 0

0101101
*
Ve
1.50000000666134e-07
-22.1278695 -1.99840144432528e-15 -9
0 0

0101101
*
Ed
 1e-07 1 1 0
1  12 0 0 1.6721305
0

0101000
+264 12 -263 12 *
Ve
1e-07
-23.8 1.99840144432528e-15 9
0 0

0101101
*
Ed
 1e-07 1 1 0
1  13 0 0 18
0

0101000
+261 12 -264 12 *
Ve
1.50000003559646e-07
-22.1278695 1.99840144432528e-15 9
0 0

0101101
*
Ed
 1e-07 1 1 0
1  14 0 4.7278695 6.4
0

0101000
+259 12 -261 12 *
Ve
1e-07
-22.1278695 4.91337404096015e-15 22.1278695
0 0

0101101
*
Ed
 1e-07 1 1 0
1  15 0 31.1278695 44.255739
0

0101000
+259 16 -257 16 *
Ve
1e-07
22.1278695 4.91337404096015e-15 22.1278695
0 0

0101101
*
Ed
 1e-07 1 1 0
1  16 0 0 44.255739
0

0101000
+257 16 -255 16 *
Ve
1e-07
22.1278695 -4.91337404096015e-15 -22.1278695
0 0

0101101
*
Ed
 1e-07 1 1 0
1  17 0 0 44.255739
0

0101000
+255 16 -253 16 *
Ve
1e-07
-22.1278695 -4.91337404096015e-15 -22.1278695
0 0

0101101
*
Ed
 1e-07 1 1 0
1  18 0 0 44.255739
0

0101000
+253 16 -251 16 *
Ed
 1e-07 1 1 0
1  19 0 0 13.1278695
0

0101000
+251 16 -263 16 *
Wi

0101100
+262 11 +260 11 +258 11 -256 15 -254 15 -252 15 -250 15 -249 15 *
Fa
0  1e-07 4 0

0101000
+265 0 +248 0 *
Ed
 1e-07 1 1 0
1  20 0 0 50
0

0101000
+272 8 -279 8 *
Wi

0101100
+283 7 +276 7 +269 7 +246 7 *
Ve
1.50000001776357e-07
-23.9047303895693 -6 9.10473038956931
0 0

0101101
*
Ve
1.50000001776357e-07
-17.2952696104307 -6 9.10473038956931
0 0

0101101
*
Ed
 1.5e-07 1 1 0
1  21 0 -13.6047303895693 -6.99526961043069
0

0101000
+244 0 -243 0 *
Ve
1.5e-07
-17.2952696104307 -6 -9.1047303895693
0 0

0101101
*
Ed
 1.5e-07 1 1 0
1  22 0 -9.10473038956931 9.10473038956931
0

0101000
+243 0 -241 0 *
Ve
1.50000003552714e-07
-23.9047303895693 -6 -9.1047303895693
0 0

0101101
*
Ed
 1.5e-07 1 1 0
1  23 0 6.99526961043069 13.6047303895693
0

0101000
+241 0 -239 0 *
Ed
 1.5e-07 1 1 0
1  24 0 -9.10473038956931 9.10473038956931
0

0101000
+239 0 -244 0 *
Wi

0101100
-242 0 -240 0 -238 0 -237 0 *
Fa
0  1e-07 5 6

0101000
+245 0 +236 0 *
Wi

0101100
+271 0 -278 0 -266 4 +246 7 *
Fa
0  1e-07 6 0

0101000
+234 0 *
Ed
 1e-07 1 1 0
1  25 0 0 0.5
0

0101000
+264 0 -239 0 *
Ve
1.50000001986027e-07
-17.3301797402871 -4 -9.06982025971287
0 0

0101101
*
Ed
 1e-07 1 1 0
1  26 0 0.333333333333333 0.5
0

0101000
+231 0 -241 0 *
Ve
1.50000001986027e-07
-22.1278695 -4 -9.06982025971287
0 0

0101101
*
Ve
1.50000000444089e-07
-19.3449131008511 -4 -9.06982025971287
0 0

0101101
*
Ed
 1.5e-07 1 1 0
1  27 0 -11.8278695 -9.04491310085112
0

0101000
+229 0 -228 0 *
Ed
 1.5e-07 1 1 0
1  28 0 -9.04491310085112 -7.03017974028713
0

0101000
+228 0 -231 0 *
Ed
 1.5e-07 1 1 0
1  29 0 -0.885595870959099 3.11501344121653
0

0101000
+229 0 -263 0 *
Wi

0101100
-232 0 +238 0 +230 0 +227 0 +226 0 -225 0 +262 11 *
Fa
0  1e-07 7 0

0101000
+224 0 *
Ed
 1e-07 1 1 0
1  30 0 0 0.5
0

0101000
+261 0 -244 0 *
Wi

0101100
-222 0 +237 0 +232 0 +260 11 *
Fa
0  1e-07 8 0

0101000
+221 0 *
Ve
1.50000001831027e-07
-17.3301797402871 -4 9.06982025971287
0 0

0101101
*
Ed
 1e-07 1 1 0
1  31 0 0.333333333333333 0.5
0

0101000
+219 0 -243 0 *
Ve
1.50000001831027e-07
-22.1278695 -4 9.06982025971287
0 0

0101101
*
Ed
 1.5e-07 1 1 0
1  32 0 -2.72882886911136 1.27178044306427
0

0101000
+259 0 -217 0 *
Ve
1.50000000444089e-07
-19.3449131008511 -4 9.06982025971287
0 0

0101101
*
Ed
 1.5e-07 1 1 0
1  33 0 7.03017974028713 9.04491310085112
0

0101000
+219 0 -215 0 *
Ed
 1.5e-07 1 1 0
1  34 0 9.04491310085112 11.8278695
0

0101000
+215 0 -217 0 *
Wi

0101100
-218 0 +242 0 +222 0 +258 11 -216 0 +214 0 +213 0 *
Fa
0  1e-07 9 0

0101000
+212 0 *
Ve
1e-07
-22.1278695 -4 22.1278695
0 0

0101101
*
Ed
 1e-07 1 1 0
1  35 0 0 4
0

0101000
+257 0 -210 0 *
Ed
 1e-07 1 1 0
1  36 0 31.1976897597129 44.255739
0

0101000
+217 19 -210 19 *
Wi

0101100
-256 15 -209 0 +208 18 +216 0 *
Fa
0  1e-07 10 0

0101000
+207 0 *
Ve
1e-07
22.1278695 -4 22.1278695
0 0

0101101
*
Ed
 1e-07 1 1 0
1  37 0 0 4
0

0101000
+255 0 -205 0 *
Ed
 1e-07 1 1 0
1  38 0 0 44.255739
0

0101000
+210 19 -205 19 *
Wi

0101100
+209 0 -204 0 -254 15 +203 18 *
Fa
0  1e-07 11 0

0101000
+202 0 *
Ve
1e-07
22.1278695 -4.00000000000001 -22.1278695
0 0

0101101
*
Ed
 1e-07 1 1 0
1  39 0 0 4
0

0101000
+253 0 -200 0 *
Ed
 1e-07 1 1 0
1  40 0 0 44.255739
0

0101000
+205 19 -200 19 *
Wi

0101100
+204 0 -199 0 -252 15 +198 18 *
Fa
0  1e-07 12 0

0101000
+197 0 *
Ve
1e-07
-22.1278695 -4.00000000000001 -22.1278695
0 0

0101101
*
Ed
 1e-07 1 1 0
1  41 0 0 4
0

0101000
+251 0 -195 0 *
Ed
 1e-07 1 1 0
1  42 0 0 44.255739
0

0101000
+200 19 -195 19 *
Wi

0101100
+199 0 -194 0 -250 15 +193 18 *
Fa
0  1e-07 13 0

0101000
+192 0 *
Ed
 1e-07 1 1 0
1  43 0 0 13.0580492402871
0

0101000
+195 19 -229 19 *
Wi

0101100
-249 15 +225 0 +190 18 +194 0 *
Fa
0  1e-07 14 0

0101000
+189 0 *
Ve
1.5e-07
-17.3301797402871 -4 -9
0 0

0101101
*
Ed
 1.5e-07 1 1 0
1  44 0 -9.06982025971287 -9
0

0101000
+231 0 -187 0 *
Ve
1.5e-07
-17.3301797402871 -4 9
0 0

0101101
*
Ed
 1.5e-07 1 1 0
1  45 0 -9 9
0

0101000
+187 0 -185 0 *
Ed
 1.5e-07 1 1 0
1  46 0 9 9.06982025971287
0

0101000
+185 0 -219 0 *
Wi

0101100
-230 0 +240 0 +218 0 +186 0 +184 0 +183 0 *
Fa
0  1e-07 15 0

0101000
+182 0 *
Ve
1.00000000444089e-07
-19.3449131008511 -4 10.7692156077829
0 0

0101101
*
Ed
 1.00000000444089e-07 1 1 0
1  47 0 0.0698202597128734 1.76921560778289
0

0101000
+215 23 -180 23 *
Ve
1.00000000888178e-07
-14.3696447676653 -4 15.7444839409687
0 0

0101101
*
Ed
 1.00000000444089e-07 1 1 0
1  48 0 2.06026644025841e-17 1.5707963267949
2  1 17 23 2.06026644025841e-17 1.5707963267949
0

0101000
+180 23 -178 23 *
Ve
1.00000000888178e-07
11.9963242323347 -4 15.7444839409687
0 0

0101101
*
Ed
 1e-07 1 1 0
1  49 0 0 26.365969
0

0101000
+178 23 -176 23 *
Ve
1.00000000444089e-07
16.5624123745044 -4 11.178395798799
0 0

0101101
*
Ed
 1.00000000444089e-07 1 1 0
1  50 0 1.5707963267949 3.14159265358979
2  2 18 23 1.5707963267949 3.14159265358979
0

0101000
+176 23 -174 23 *
Ve
1.00000000444089e-07
16.5624123745044 -4 10.7692156077829
0 0

0101101
*
Ed
 1.00000000444089e-07 1 1 0
1  51 0 0 0.409180191016102
0

0101000
+174 23 -172 23 *
Ve
1.00000000888178e-07
-14.3696447676653 -4 10.7692156077829
0 0

0101101
*
Ed
 1e-07 1 1 0
1  52 0 0 30.9320571421697
0

0101000
+172 23 -170 23 *
Ve
1.00000000444089e-07
-14.3696447676653 -4 9
0 0

0101101
*
Ed
 1.00000000444089e-07 1 1 0
1  53 0 0 1.76921560778289
0

0101000
+170 23 -168 23 *
Ed
 1e-07 1 1 0
1  54 0 2.01473336056399 4.97526833318581
0

0101000
+185 23 -168 23 *
Ve
1.00000000888178e-07
-14.3696447676653 -4 -9
0 0

0101101
*
Ed
 1e-07 1 1 0
1  55 0 2.01473336056399 4.97526833318581
0

0101000
+187 23 -165 23 *
Ve
1.00000000888178e-07
-14.3696447676653 -4 -10.7692156077829
0 0

0101101
*
Ed
 1.00000000888178e-07 1 1 0
1  56 0 0 1.76921560778289
0

0101000
+163 23 -165 23 *
Ve
1e-07
16.5624123745044 -4 -10.7692156077829
0 0

0101101
*
Ed
 1e-07 1 1 0
1  57 0 0 30.9320571421697
0

0101000
+161 23 -163 23 *
Ve
1.00000000888178e-07
16.5624123745044 -4 -11.178395798799
0 0

0101101
*
Ed
 1e-07 1 1 0
1  58 0 0 0.409180191016102
0

0101000
+159 23 -161 23 *
Ve
1.00000000888178e-07
11.9963242323347 -4 -15.7444839409687
0 0

0101101
*
Ed
 1.00000000888178e-07 1 1 0
1  59 0 3.14159265358979 4.71238898038469
2  3 19 23 3.14159265358979 4.71238898038469
0

0101000
+159 23 -157 23 *
Ve
1.00000000888178e-07
-14.3696447676653 -4 -15.7444839409687
0 0

0101101
*
Ed
 1e-07 1 1 0
1  60 0 0 26.365969
0

0101000
+157 23 -155 23 *
Ve
1.00000000888178e-07
-19.3449131008511 -4 -10.7692156077829
0 0

0101101
*
Ed
 1.00000000888178e-07 1 1 0
1  61 0 4.71238898038469 6.28318530717959
2  4 20 23 4.71238898038469 6.28318530717959
0

0101000
+155 23 -153 23 *
Ed
 1.00000000888178e-07 1 1 0
1  62 0 0 1.69939534807002
0

0101000
+153 23 -228 23 *
Wi

0101100
+208 18 +213 0 -179 22 -177 22 -175 22 -173 22 -171 22 -169 22 -167 22 +166 22 
+184 0 -164 22 +162 22 +160 22 +158 22 -156 22 -154 22 -152 22 -151 22 +227 0 
+190 18 +193 18 +198 18 +203 18 *
Ve
1e-07
-11.910602 -4 -0.156099999999999
0 0

0101101
*
Ed
 1e-07 1 1 0
1  63 0 0 6.28318530717959
2  5 21 23 0 6.28318530717959
0

0101000
+149 23 -149 23 *
Wi

0101100
-148 22 *
Ve
1e-07
-2.966387 -4 8.88178419700125e-16
0 0

0101101
*
Ed
 1e-07 1 1 0
1  64 0 0 6.28318530717959
2  6 22 23 0 6.28318530717959
0

0101000
+146 23 -146 23 *
Wi

0101100
-145 22 *
Ve
1e-07
5.799509 -4 8.88178419700125e-16
0 0

0101101
*
Ed
 1e-07 1 1 0
1  65 0 0 6.28318530717959
2  7 23 23 0 6.28318530717959
0

0101000
+143 23 -143 23 *
Wi

0101100
-142 22 *
Fa
0  1e-07 16 17

0101000
+150 0 +147 0 +144 0 +141 0 *
Ve
1e-07
-19.3449131008511 -4 -9
0 0

0101101
*
Ed
 1e-07 1 1 0
1  66 0 0 2.01473336056399
0

0101000
+139 23 -187 23 *
Ed
 1e-07 1 1 0
1  67 0 1.69939534807002 1.76921560778289
0

0101000
+228 23 -139 23 *
Wi

0101100
-226 0 -186 0 +138 22 +137 22 *
Fa
0  1e-07 24 0

0101000
+136 0 *
Ve
1e-07
-19.3449131008511 -4 9
0 0

0101101
*
Ed
 1e-07 1 1 0
1  68 0 0 2.01473336056399
0

0101000
+134 23 -185 23 *
Ed
 1e-07 1 1 0
1  69 0 0 0.0698202597128734
0

0101000
+134 23 -215 23 *
Wi

0101100
-133 22 -183 0 -214 0 +132 22 *
Fa
0  1e-07 25 0

0101000
+131 0 *
Ve
1e-07
-21.6543141776096 2.39124622498263e-15 10.7692156077829
0 0

0101101
*
Ed
 1e-07 1 1 0
1  70 0 0 1
2  8 17 0 0 1
0

0101000
+180 0 -129 0 *
Ve
1e-07
-21.6543141776096 1.485611394623e-15 6.6905989232415
0 0

0101101
*
Ed
 1e-07 1 1 0
1  71 0 -2.3094010767585 1.76921560778289
0

0101000
+127 0 -129 0 *
Ed
 1e-07 1 1 0
1  72 0 0 1
0

0101000
+134 0 -127 0 *
Wi

0101100
+132 22 +179 22 +128 0 -126 0 -125 0 *
Fa
0  1e-07 26 0

0101000
+124 0 *
Ve
1e-07
-14.3696447676653 4.00876776612318e-15 18.0538850177272
0 0

0101101
*
Ed
 1e-07 1 1 0
1  73 0 0 1
2  9 17 0 0 1
0

0101000
+178 0 -122 0 *
Ed
 1e-07 1 1 0
1  74 0 6.28318530717959 7.85398163397448
2  10 17 0 6.28318530717959 7.85398163397448
0

0101000
+129 0 -122 0 *
Wi

0101100
+177 22 +121 0 -120 0 -128 0 *
Fa
0  1e-07 17 0

0101000
+119 0 *
Ve
1e-07
11.9963242323347 4.00876776612318e-15 18.0538850177272
0 0

0101101
*
Ed
 1e-07 1 1 0
1  75 0 0 1
2  11 18 0 0 1
0

0101000
+176 0 -117 0 *
Ed
 1e-07 1 1 0
1  76 0 0 26.365969
0

0101000
+122 0 -117 0 *
Wi

0101100
+175 22 +116 0 -115 0 -121 0 *
Fa
0  1e-07 27 0

0101000
+114 0 *
Ve
1e-07
18.8718134512629 2.48210247883995e-15 11.178395798799
0 0

0101101
*
Ed
 1e-07 1 1 0
1  77 0 0 1
2  12 18 0 0 1
0

0101000
+174 0 -112 0 *
Ed
 1e-07 1 1 0
1  78 0 7.85398163397448 9.42477796076938
2  13 18 0 7.85398163397448 9.42477796076938
0

0101000
+117 0 -112 0 *
Wi

0101100
