<?xml version='1.0' encoding='utf-8'?>
<!-- FreeCAD DocumentObject -->
<Document SchemaVersion="4" FileVersion="2">
<Object name="Fillet014">
  <Properties Count="23" TransientCount="2">
    <_Property name="_Body" type="App::PropertyLinkHidden" status="251658241"/>
    <_Property name="_ElementMapVersion" type="App::PropertyString" status="234881024"/>
    <Property name="AddSubShape" type="Part::PropertyPartShape" status="128">
      <Part ElementMap="0.15.70200.4" brep="1">
<![CDATA[

CASCADE Topology V1, (c) Matra-Datavision
Locations 0
Curve2ds 0
Curves 0
Polygon3D 0
PolygonOnTriangulations 0
Surfaces 0
Triangulations 0

TShapes 0

*]]>
      </Part>
      <ElementMap/>
    </Property>
    <Property name="AddSubType" type="App::PropertyEnumeration" status="12">
      <Integer value="0"/>
    </Property>
    <Property name="Base" type="App::PropertyLinkSub">
      <LinkSub value="Pocket110" count="6">
        <Sub value="Face28" shadow=";#1c125;:H-165b,F.Face28"/>
        <Sub value="Edge67" shadow=";#1c119;:M;CUT;:H-165b:7,E.Edge67"/>
        <Sub value="Edge69" shadow=";#1c11a;:M;CUT;:H-165b:7,E.Edge69"/>
        <Sub value="Edge62" shadow=";#1c116;:M;CUT;:H-165b:7,E.Edge62"/>
        <Sub value="Edge63" shadow=";#1c117;:M;CUT;:H-165b:7,E.Edge63"/>
        <Sub value="Edge65" shadow=";#1c118;:M;CUT;:H-165b:7,E.Edge65"/>
      </LinkSub>
    </Property>
    <Property name="BaseFeature" type="App::PropertyLink" status="8">
      <Link value="Pocket110"/>
    </Property>
    <Property name="ColoredElements" type="App::PropertyLinkSubHidden" status="218103808">
      <LinkSub value="" count="0">
      </LinkSub>
    </Property>
    <Property name="ExpressionEngine" type="App::PropertyExpressionEngine" status="67108864">
      <ExpressionEngine count="0"></ExpressionEngine>
    </Property>
    <Property name="FixShape" type="App::PropertyEnumeration">
      <Integer value="0"/>
    </Property>
    <Property name="InvalidShape" type="App::PropertyBool" status="67108864">
      <Bool value="false"/>
    </Property>
    <Property name="Label" type="App::PropertyString" status="134217728">
      <String value="Fillet014"/>
    </Property>
    <Property name="Label2" type="App::PropertyString" status="128">
      <String value=""/>
    </Property>
    <Property name="NewSolid" type="App::PropertyBool">
      <Bool value="false"/>
    </Property>
    <Property name="Placement" type="App::PropertyPlacement" status="8388620">
      <PropertyPlacement Px="0" Py="0" Pz="0" Q0="0" Q1="0" Q2="0" Q3="1" A="0" Ox="0" Oy="0" Oz="1"/>
    </Property>
    <Property name="Radius" type="App::PropertyQuantityConstraint">
      <Float value="9"/>
    </Property>
    <Property name="Refine" type="App::PropertyBool">
      <Bool value="false"/>
    </Property>
    <Property name="Segments" type="Part::PropertyFilletSegments">
      <EdgeSegments/>
    </Property>
    <Property name="Shape" type="Part::PropertyPartShape">
      <Part HasherIndex="0" ElementMap="1.15.70200.4" brep="1">
<![CDATA[

CASCADE Topology V1, (c) Matra-Datavision
Locations 37
1
              1               0               0               0 
              0               1               0               0 
              0               0               1               0 
1
              1               0               0               0 
              0               1               0               0 
              0               0               1               0 
1
              1               0               0              39 
              0               1               0 -1.29896093881143e-14 
              0               0               1 1.51545442861334e-14 
1
              1               0               0               0 
              0               1               0               0 
              0               0               1               0 
1
              1               0               0               0 
              0               1               0               0 
              0               0               1               0 
2  3 1 4 1 5 1 0
2  2 -1 0
1
              1               0               0               0 
              0               1               0               0 
              0               0               1               0 
1
              0 -3.33066907387547e-16               1              39 
              1 -1.11022302462516e-16 -3.6977854932235e-32 -8.65973959207622e-15 
1.11022302462516e-16               1 3.33066907387547e-16 1.29896093881143e-14 
2  8 1 9 1 2 1 0
2  2 -1 9 -1 8 -1 0
2  3 1 4 1 5 1 2 1 0
1
              1               0               0               0 
              0               1               0               0 
              0               0               1               0 
1
2.22044604925031e-16 -3.33066907387547e-16               1               0 
              1 3.33066907387547e-16 -2.22044604925031e-16               0 
-3.33066907387547e-16               1 3.33066907387547e-16               0 
2  13 1 14 1 3 1 4 1 5 1 0
2  5 -1 4 -1 3 -1 14 -1 13 -1 0
1
              1               0               0               0 
              0               1               0               0 
              0               0               1               0 
1
              0 -3.33066907387547e-16               1              39 
              1 -1.11022302462516e-16 -3.6977854932235e-32 -8.65973959207622e-15 
1.11022302462516e-16               1 3.33066907387547e-16 1.29896093881143e-14 
2  17 1 18 1 0
2  18 -1 17 -1 0
1
              1               0               0 -150.86573898669 
              0               1               0 1.67494617050112e-14 
              0               0               1 -5.02483851150336e-14 
2  21 -1 18 -1 17 -1 0
2  4 1 5 1 0
1
              1               0               0               0 
              0               1               0               0 
              0               0               1               0 
1
              1               0               0               0 
              0 1.11022302462516e-16              -1               0 
              0               1 1.11022302462516e-16               0 
2  24 1 25 1 5 1 0
2  5 -1 25 -1 24 -1 0
1
              1               0               0               0 
              0              -1 -1.22464679914735e-16               0 
              0 1.22464679914735e-16              -1               0 
2  24 1 28 1 5 1 0
2  5 -1 28 -1 24 -1 0
2  5 -1 4 -1 0
1
              1               0               0               0 
              0 -2.22044604925031e-16               1               0 
              0              -1 -2.22044604925031e-16               0 
2  24 1 32 1 5 1 0
2  5 -1 32 -1 24 -1 0
1
              1               0               0             -35 
              0               1               0 3.88578058618805e-15 
              0               0               1 -1.16573417585641e-14 
2  35 1 2 1 0
2  2 -1 35 -1 0
Curve2ds 159
1 -5.026548245743669 0 1 0 
2 -6.816282240030219 -4.9523189302696045 -1 3.28429327576129e-47 3.28429327576129e-47 1 9
1 -1.2566370614359172 0 1 0 
2 2.6035881387792772 -8.0130203523057411 -1 3.28429327576129e-47 -3.28429327576129e-47 -1 9
1 -5.026548245743669 7.1054273576010019e-15 1 0 
2 -6.8162822400302243 4.9523189302695929 -1 3.28429327576129e-47 -3.28429327576129e-47 -1 9
1 -2.5132741228718345 0 1 0 
2 8.4253882025018907 -4.5353903530005126e-15 -1 3.28429327576129e-47 -3.28429327576129e-47 -1 9
1 -3.7699111843077517 0 1 0 
2 2.6035881387792705 8.0130203523057322 -1 3.28429327576129e-47 -3.28429327576129e-47 -1 9
1 0 0 1 0 
1 0 -150.86573898668976 1 0 
1 0 0 0 1 
1 6.538882752048246 0 3.4307778215552914e-17 -1 
1 0 0 0 1 
1 16.443520612587449 0 3.4307778215552914e-17 -1 
1 0 0 0 1 
1 3.5527136788005009e-15 -26.000000000000007 1 0 
1 1.2566370614359172 0 0 1 
1 16.443520612587449 -7.1054273576010019e-15 1.1102230246251562e-16 -1 
1 0 26.000000000000007 1 0 
1 0 0 1 0 
1 1.2566370614359175 0 0 1 
1 6.5388827520482504 0 -8.9818929446810704e-17 -1 
1 0 26.000000000000007 1 0 
1 0 0 1 0 
1 1.2566370614359172 0 0 1 
1 6.5388827520482495 0 1.1102230246251562e-16 -1 
1 0 0 0 1 
1 3.5527136788005009e-15 -26.000000000000007 1 0 
1 0 0 0 1 
1 16.443520612587449 7.1054273576010019e-15 -8.9818929446810704e-17 -1 
1 0 0 0 1 
1 -1.7763568394002505e-15 -26.000000000000007 1 0 
1 0 0 0 1 
1 16.443520612587456 7.1054273576010019e-15 3.4307778215552816e-17 -1 
1 1.973729821555833e-16 26.000000000000011 1 0 
1 0 0 1 0 
1 1.2566370614359172 0 0 1 
1 6.5388827520482495 7.1054273576010019e-15 -8.9818929446810692e-17 -1 
1 0 26.000000000000007 1 0 
1 0 0 1 0 
1 1.2566370614359172 0 0 1 
1 6.5388827520482486 0 3.4307778215552816e-17 -1 
1 0 0 0 1 
1 0 -26.000000000000011 1 -1.9721522630525291e-31 
1 0 0 0 1 
1 16.443520612587456 7.1054273576010019e-15 -8.9818929446810692e-17 -1 
1 0 0 0 1 
1 0 -26.000000000000007 1 4.9303806576313238e-32 
1 0 26.000000000000007 1 0 
1 0 0 1 0 
8 -37.674999999999997 5.999999999062311e-07
1 29.499999999999993 -39 2.2204460492503114e-16 -1 
8 -37.674999999999997 5.999999999062311e-07
1 1.1717353782187627 -1.9428902930940239e-16 0 1 
8 -37.675000000000004 5.999999999062311e-07
1 12.000000000000007 -39.000000000000007 2.2204460492503114e-16 -1 
8 -37.675000000000004 5.999999999062311e-07
1 1.9698572753710297 -1.9428902930940003e-16 0 1 
8 -37.675000000000004 6.0000000701165845e-07
1 29.499999999999993 -39 4.9303806576313238e-32 -1 
8 -37.675000000000004 6.0000000701165845e-07
1 2.7425317050136595 -4.1910919179599652e-15 0 1 
3 29.344931419241725 -20.749999999999989 -1 -1.0205600981444534e-15 1.0205600981444534e-15 -1 31.847291878588361 22.519436049777092
7 0 0  5 6 2  2.7678668787568044 -34.034999999999997  2.719484675673824 -34.432776379850658  2.671102472590853 -34.89189721284572  2.6227202695078624 -35.410423446183302  2.5743380664248838 -35.985814096224054  2.5259558633419035 -36.614999999999988 
 0.37372577483298752 6 0.61563679024788864 6
8 -38.379999999999981 -36.219999999999985
1 -36.399999999999977 -33.445077786291861 -1 -7.2164496600635165e-16 
8 -38.379999999999981 -36.219999999999985
1 2.5426872715429418 -2.8771170602764329e-15 0 1 
3 26.304372260139552 -20.749999999999982 -1 -1.0205600981444537e-15 1.0205600981444537e-15 -1 31.847291878588344 22.519436049777092
7 0 0  5 6 2  2.5490183317092443 -38.119999999999976  2.5345199233180109 -38.302347445474645  2.5200215149267819 -38.489603150670064  2.5055231065355414 -38.681687261669651  2.4910246981443098 -38.878515623281743  2.4765262897530764 -39.079999999999977 
 0.59257432188054748 6 0.66506636383671558 6
2 6.8486046820251255e-16 8.6597395920762163e-15 1.1102230246251565e-16 -1 1 1.1102230246251565e-16 22.519436049777092
1 0 -39 1 0 
3 26.304372260139569 -20.749999999999982 -1 -5.4953236053932088e-16 5.4953236053932088e-16 -1 31.847291878588354 22.519436049777092
7 0 0  5 6 2  2.2358626906316128 -39.079999999999998  2.221364282240379 -38.878515623281764  2.20686587384915 -38.681687261669765  2.1923674654579131 -38.489603150670007  2.1778690570666779 -38.302347445474659  2.163370648675444 -38.119999999999983 
 5.6181189433428695 6 5.6906109852990383 6
8 -38.380000000000003 -36.219999999999999
1 -36.400000000000006 -8.0549222137081671 -1 -3.8857805861880449e-16 
8 -38.380000000000003 -36.219999999999999
1 2.1697017088417474 6.1950444774083724e-15 0 1 
3 29.344931419241739 -20.749999999999989 -1 -5.4953236053932078e-16 5.4953236053932078e-16 -1 31.847291878588372 22.519436049777092
7 0 0  5 6 2  2.1864331170427858 -36.614999999999995  2.1380509139598054 -35.985814096224054  2.0896687108768219 -35.410423446183358  2.0412865077938527 -34.89189721284572  1.9929043047108645 -34.432776379850658  1.9445221016278842 -34.034999999999997 
 5.6675485169316966 6 5.9094595323465979 6
3 29.344931419241739 -20.749999999999989 -1 -5.4953236053932078e-16 5.4953236053932078e-16 -1 31.847291878588372 22.519436049777092
7 0 0  5 6 2  1.1970705519619083 -34.034999999999982  1.1486883488789279 -34.432776379850644  1.1003061457959493 -34.89189721284572  1.0519239427129694 -35.410423446183358  1.0035417396299871 -35.98581409622404  0.9551595365470068 -36.614999999999981 
 0.37372577483298747 6 0.61563679024788887 6
8 -38.379999999999988 -36.219999999999992
1 -36.399999999999991 -33.445077786291847 -1 -3.8857805861880449e-16 
8 -38.379999999999988 -36.219999999999992
1 0.97189094474804472 6.1950444774083661e-15 0 1 
3 26.304372260139569 -20.749999999999982 -1 -5.4953236053932088e-16 5.4953236053932088e-16 -1 31.847291878588354 22.519436049777092
7 0 0  5 6 2  0.97822200491434819 -38.119999999999976  0.96372359652311457 -38.302347445474645  0.94922518813188361 -38.489603150670064  0.93472677974064844 -38.681687261669708  0.9202283713494136 -38.87851562328175  0.90572996295817998 -39.079999999999984 
 0.59257432188054748 6 0.6650663638367158 6
2 6.8486046820251255e-16 8.6597395920762163e-15 1.1102230246251565e-16 -1 1 1.1102230246251565e-16 22.519436049777092
1 0 -39 1 0 
3 26.304372260139573 -20.75 -1 -7.8504622934188635e-17 7.8504622934188635e-17 -1 31.847291878588344 22.519436049777092
7 0 0  5 6 2  0.66506636383671469 -39.079999999999991  0.65056795544548107 -38.878515623281764  0.63606954705425256 -38.681687261669651  0.62157113866301383 -38.489603150670121  0.60707273027178044 -38.302347445474659  0.59257432188054682 -38.11999999999999 
 5.6181189433428713 6 5.6906109852990392 6
8 -38.379999999999995 -36.219999999999992
1 -36.399999999999991 -8.0549222137081937 -1 -5.5511151231257728e-17 
8 -38.379999999999995 -36.219999999999992
1 0.59890538204684929 -2.8771170602764447e-15 0 1 
3 29.344931419241739 -20.75 -1 -7.8504622934188697e-17 7.8504622934188697e-17 -1 31.847291878588361 22.519436049777092
7 0 0  5 6 2  0.61563679024788853 -36.614999999999995  0.56725458716490806 -35.985814096224054  0.51887238408192982 -35.410423446183358  0.47049018099894457 -34.891897212845663  0.42210797791596677 -34.432776379850658  0.3737257748329863 -34.034999999999997 
 5.6675485169316975 6 5.9094595323465997 6
8 -37.675000000000004 5.9999999280080374e-07
1 11.999999999999988 -39 -4.9303806576313238e-32 -1 
8 -37.675000000000004 5.9999999280080374e-07
1 0.399060948576134 1.0019762797242038e-14 0 1 
8 -37.674999999999997 6.0000000701165845e-07
1 12.000000000000007 -39 4.9303806576313238e-32 -1 
8 -37.674999999999997 6.0000000701165845e-07
1 3.5406536021659263 -1.0019762797242031e-14 0 1 
8 -37.674999999999997 5.9999999280080374e-07
1 29.500000000000014 -39 -4.9303806576313238e-32 -1 
8 -37.674999999999997 5.9999999280080374e-07
1 5.8841243586034517 4.1910919179599588e-15 0 1 
8 -37.675000000000018 5.999999999062311e-07
1 29.500000000000014 -39 -2.2204460492503114e-16 -1 
8 -37.675000000000018 5.999999999062311e-07
1 4.3133280318085543 1.9428902930940476e-16 0 1 
3 29.344931419241725 -20.750000000000004 -1 -5.4953236053932167e-16 5.4953236053932167e-16 -1 31.847291878588354 22.519436049777092
7 0 0  5 6 2  4.3386632055517023 -34.034999999999997  4.2902810024687215 -34.432776379850658  4.2418987993857442 -34.891897212845606  4.1935165963027714 -35.410423446183415  4.1451343932197808 -35.985814096224054  4.0967521901368 -36.614999999999995 
 0.37372577483298652 6 0.61563679024788842 6
8 -38.379999999999988 -36.219999999999992
1 -36.399999999999991 -33.445077786291826 -1 -3.8857805861880494e-16 
8 -38.379999999999988 -36.219999999999992
1 4.1134835983378402 -6.1950444774083755e-15 0 1 
3 26.304372260139559 -20.75 -1 -5.4953236053932167e-16 5.4953236053932167e-16 -1 31.847291878588333 22.519436049777092
7 0 0  5 6 2  4.1198146585041417 -38.119999999999997  4.1053162501129083 -38.302347445474666  4.0908178417216803 -38.489603150670064  4.0763194333304398 -38.681687261669708  4.0618210249392064 -38.878515623281764  4.047322616547973 -39.079999999999998 
 0.59257432188054726 6 0.66506636383671547 6
2 6.8486046820251255e-16 8.6597395920762163e-15 1.1102230246251565e-16 -1 1 1.1102230246251565e-16 22.519436049777092
1 0 -39 1 0 
3 26.304372260139552 -20.749999999999982 -1 -1.0205600981444537e-15 1.0205600981444537e-15 -1 31.847291878588344 22.519436049777092
7 0 0  5 6 2  3.8066590174265085 -39.079999999999998  3.7921606090352751 -38.878515623281771  3.7776622006440448 -38.681687261669765  3.7631637922528114 -38.489603150670064  3.748665383861574 -38.302347445474666  3.7341669754703406 -38.119999999999997 
 5.6181189433428695 6 5.6906109852990374 6
8 -38.38000000000001 -36.220000000000006
1 -36.400000000000006 -8.0549222137081991 -1 -7.2164496600635165e-16 
8 -38.38000000000001 -36.220000000000006
1 3.7404980356366431 2.8771170602764392e-15 0 1 
3 29.344931419241725 -20.749999999999989 -1 -1.0205600981444534e-15 1.0205600981444534e-15 -1 31.847291878588361 22.519436049777092
7 0 0  5 6 2  3.7572294438376823 -36.615000000000016  3.708847240754702 -35.985814096224075  3.6604650376717203 -35.410423446183302  3.6120828345887546 -34.891897212845777  3.5637006315057613 -34.432776379850665  3.515318428422781 -34.035000000000004 
 5.6675485169316957 6 5.909459532346597 6
3 29.344931419241739 -20.75 -1 -7.8504622934188697e-17 7.8504622934188697e-17 -1 31.847291878588361 22.519436049777092
7 0 0  5 6 2  5.9094595323465988 -34.034999999999989  5.861077329263618 -34.432776379850651  5.8126951261806425 -34.891897212845606  5.7643129230976626 -35.410423446183415  5.7159307200146783 -35.985814096224054  5.6675485169316975 -36.614999999999995 
 0.37372577483298669 6 0.61563679024788853 6
8 -38.379999999999995 -36.219999999999999
1 -36.399999999999991 -33.445077786291812 -1 -5.5511151231257728e-17 
8 -38.379999999999995 -36.219999999999999
1 5.6842799251327367 2.8771170602764408e-15 0 1 
3 26.304372260139573 -20.75 -1 -7.8504622934188635e-17 7.8504622934188635e-17 -1 31.847291878588344 22.519436049777092
7 0 0  5 6 2  5.6906109852990383 -38.119999999999997  5.6761125769078049 -38.302347445474666  5.6616141685165644 -38.489603150670007  5.6471157601253665 -38.681687261669765  5.6326173517341038 -38.878515623281764  5.6181189433428704 -39.079999999999991 
 0.59257432188054748 6 0.66506636383671514 6
2 6.8486046820251255e-16 8.6597395920762163e-15 1.1102230246251565e-16 -1 1 1.1102230246251565e-16 22.519436049777092
1 0 -39 1 0 
3 26.304372260139559 -20.75 -1 -5.4953236053932167e-16 5.4953236053932167e-16 -1 31.847291878588333 22.519436049777092
7 0 0  5 6 2  5.3774553442214055 -39.08000000000002  5.3629569358301721 -38.878515623281785  5.3484585274389502 -38.681687261669708  5.3339601190477097 -38.489603150670064  5.3194617106564701 -38.302347445474688  5.3049633022652367 -38.120000000000012 
 5.6181189433428695 6 5.6906109852990383 6
8 -38.380000000000003 -36.219999999999999
1 -36.400000000000006 -8.0549222137082293 -1 -3.8857805861880494e-16 
8 -38.380000000000003 -36.219999999999999
1 5.3112943624315383 -6.1950444774083819e-15 0 1 
3 29.344931419241725 -20.750000000000004 -1 -5.4953236053932167e-16 5.4953236053932167e-16 -1 31.847291878588354 22.519436049777092
7 0 0  5 6 2  5.3280257706325784 -36.615000000000009  5.2796435675495976 -35.985814096224068  5.2312613644666115 -35.410423446183472  5.18287916138366 -34.891897212845606  5.134496958300657 -34.432776379850672  5.0861147552176762 -34.035000000000011 
 5.6675485169316966 6 5.9094595323465988 6
8 -37.675000000000011 5.999999999062311e-07
1 11.999999999999988 -38.999999999999993 -2.2204460492503114e-16 -1 
8 -37.675000000000011 5.999999999062311e-07
1 5.1114499289608233 1.9428902930940239e-16 0 1 
8 4.7123889803846897 6.2831853071795862
1 6.2831853071795862 6.5388827520482442 -1 -0 
8 4.7123889803846897 6.2831853071795862
1 0 -6.2831853071795862 0 1 
1 1.5707963267948968 0 0 1 
1 -13.035129290655691 -2.9316930356614654 0.95105651629515364 -0.30901699437494734 
8 4.7123889803846897 6.2831853071795862
1 6.2831853071795862 16.443520612587445 -1 -0 
8 4.7123889803846897 6.2831853071795862
1 0 -6.2831853071795862 0 1 
1 0 -1.5707963267948966 1 0 
8 4.7123889803846897 6.2831853071795862
1 6.2831853071795862 16.443520612587449 -1 -0 
8 4.7123889803846897 6.2831853071795862
1 1.2566370614359175 -6.2831853071795862 0 1 
1 0 -1.5707963267948966 1 0 
8 4.7123889803846897 6.2831853071795862
1 6.2831853071795862 6.5388827520482522 -1 -0 
8 4.7123889803846897 6.2831853071795862
1 1.2566370614359175 -6.2831853071795862 0 1 
8 4.7123889803846897 6.2831853071795862
1 6.2831853071795862 6.5388827520482486 -1 -0 
8 4.7123889803846897 6.2831853071795862
1 1.2566370614359175 -6.2831853071795862 0 1 
1 1.5707963267948966 0 0 1 
1 -6.8162822400302243 11.491201682317849 1.8831434242965111e-16 -1 
1 1.5707963267948968 0 0 1 
1 -1.239870709344306 -13.303087622937994 0.58778525229247292 0.80901699437494756 
8 4.7123889803846897 6.2831853071795862
1 6.2831853071795862 16.443520612587452 -1 -0 
8 4.7123889803846897 6.2831853071795862
1 0 -6.2831853071795862 0 1 
8 4.7123889803846897 6.2831853071795862
1 6.2831853071795862 16.443520612587449 -1 -0 
8 4.7123889803846897 6.2831853071795862
1 0 -6.2831853071795862 0 1 
1 0 -1.5707963267948966 1 0 
1 0 -1.5707963267948966 1 0 
8 4.7123889803846897 6.2831853071795862
1 6.2831853071795862 6.5388827520482442 -1 -0 
8 4.7123889803846897 6.2831853071795862
1 1.2566370614359164 -6.2831853071795862 0 1 
8 4.7123889803846897 6.2831853071795862
1 6.2831853071795862 6.5388827520482513 -1 -0 
8 4.7123889803846897 6.2831853071795862
1 1.2566370614359177 -6.2831853071795862 0 1 
1 1.5707963267948966 0 0 1 
1 8.8224351894047466 10.033646246913872 -0.95105651629515364 -0.30901699437494767 
1 1.5707963267948966 0 0 1 
1 12.268847050625467 -5.290067270632254 -0.58778525229247325 0.80901699437494734 
8 4.7123889803846897 6.2831853071795862
1 6.2831853071795862 16.443520612587449 -1 -0 
8 4.7123889803846897 6.2831853071795862
1 0 -6.2831853071795862 0 1 
1 0 -1.5707963267948966 1 0 
Curves 90
1 11.491201682317849 -15.816282240030217 0 0.30901699437494745 0.95105651629515364 0 
8 5.026548245743669 6.2831853071795862
2 39 4.9523189302695911 -6.8162822400302048 -1 1.1102230246251565e-16 -3.3306690738754696e-16 3.3306690738754696e-16 0 -1 -1.1102230246251565e-16 -1 -3.6977854932234928e-32 9
8 1.2566370614359172 2.5132741228718345
2 39 8.0130203523057286 2.6035881387792918 1 -1.1102230246251565e-16 3.3306690738754696e-16 3.3306690738754696e-16 0 -1 1.1102230246251565e-16 1 3.6977854932234928e-32 9
1 -11.491201682317847 -15.816282240030219 0 1 7.729203996713546e-17 0 
1 18.593154893570251 6.0412822400302231 0 -0.80901699437494756 0.58778525229247314 0 
8 5.026548245743669 6.2831853071795862
2 39 -4.9523189302696062 -6.8162822400302101 1 -1.1102230246251565e-16 3.3306690738754696e-16 3.3306690738754696e-16 0 -1 1.1102230246251565e-16 1 3.6977854932234928e-32 9
8 2.5132741228718345 3.7699111843077522
2 39 -8.4542190351138197e-15 8.4253882025019049 1 -1.1102230246251565e-16 3.3306690738754696e-16 3.3306690738754696e-16 0 -1 1.1102230246251565e-16 1 3.6977854932234928e-32 9
1 -18.593154893570251 6.0412822400302204 0 0.30901699437494756 -0.95105651629515364 0 
1 8.1965919476338343e-31 19.549999999999997 0 -0.80901699437494745 -0.58778525229247314 0 
8 3.7699111843077517 5.026548245743669
2 39 -8.0130203523057446 2.6035881387792852 1 -1.1102230246251565e-16 3.3306690738754696e-16 3.3306690738754696e-16 0 -1 1.1102230246251565e-16 1 3.6977854932234928e-32 9
1 -20.75 20.75 0 1 0 0 
2 0 0 0 0 0 1 1 0 -0 -0 1 0 22.519436049777092
1 -20.75 -20.75 0 0 1 0 
1 20.75 20.75 0 0 -1 0 
1 20.75 -20.75 0 -1 0 0 
1 39 13.511827576925974 -9.5974351894047309 -1 1.1102230246251565e-16 -3.3306690738754696e-16 
1 39 16.572528998962113 -0.17756481059523432 -1 1.1102230246251565e-16 -3.3306690738754696e-16 
1 13.000000000000002 11.491201682317845 -15.81628224003021 -3.1676545263320099e-16 0.30901699437494734 0.95105651629515364 
1 39 4.9523189302695929 -15.816282240030205 -1 1.1102230246251565e-16 -3.3306690738754696e-16 
2 12.999999999999996 4.9523189302695911 -6.8162822400302145 -1 6.038285861627162e-32 -3.8060870233847134e-16 1.1761455722958338e-16 0.95105651629515375 -0.30901699437494717 3.6198038651764571e-16 -0.30901699437494717 -0.95105651629515375 9
1 39 13.303087622937985 9.8847410881538202 -1 1.1102230246251565e-16 -3.3306690738754696e-16 
2 12.999999999999993 8.0130203523057286 2.6035881387792825 1 -6.038285861627162e-32 3.8060870233847134e-16 1.1761455722958341e-16 0.95105651629515364 -0.30901699437494723 -3.6198038651764566e-16 0.30901699437494723 0.95105651629515364 9
1 39.000000000000007 -4.9523189302696053 -15.81628224003021 -1 1.1102230246251565e-16 -3.3306690738754696e-16 
1 13 -11.49120168231785 -15.816282240030217 -2.5743420717528485e-32 1 1.8831434242965111e-16 
1 39 5.2900672706322478 15.706541151876433 -1 1.1102230246251565e-16 -3.3306690738754696e-16 
1 12.999999999999993 18.593154893570247 6.0412822400302293 -1.9577181618906305e-16 -0.80901699437494756 0.58778525229247292 
1 39.000000000000007 -13.511827576925988 -9.5974351894047381 -1 1.1102230246251565e-16 -3.3306690738754696e-16 
2 12.999999999999996 -4.9523189302696062 -6.8162822400302199 1 -6.038285861627162e-32 3.8060870233847134e-16 1.1761455722958353e-16 -0.95105651629515353 -0.30901699437494778 3.6198038651764561e-16 0.30901699437494778 -0.95105651629515353 9
1 39 -5.2900672706322682 15.706541151876429 -1 1.1102230246251565e-16 -3.3306690738754696e-16 
2 12.999999999999989 -8.4542190351138182e-15 8.425388202501896 1 -6.038285861627162e-32 3.8060870233847134e-16 -3.0791890839881903e-16 0.58778525229247325 0.80901699437494734 -2.2371618212872928e-16 -0.80901699437494734 0.58778525229247325 9
1 39 -16.572528998962127 -0.17756481059524187 -1 1.1102230246251565e-16 -3.3306690738754696e-16 
1 12.999999999999986 -18.593154893570258 6.0412822400302248 3.1676545263320099e-16 0.30901699437494767 -0.95105651629515364 
1 39 -13.303087622938005 9.8847410881538114 -1 1.1102230246251565e-16 -3.3306690738754696e-16 
1 12.999999999999986 -8.8817841970012523e-15 19.550000000000001 1.9577181618906308e-16 -0.80901699437494734 -0.58778525229247325 
2 12.999999999999993 -8.0130203523057446 2.6035881387792759 1 -6.038285861627162e-32 3.8060870233847134e-16 -3.0791890839881922e-16 -0.58778525229247303 0.80901699437494756 2.2371618212872909e-16 -0.80901699437494756 -0.58778525229247303 9
1 4.7499999999999973 20.750000000000007 20.749999999999996 3.8857805861880469e-16 -3.3306690738754711e-16 -1 
1 38.999999999999993 8.7499999999999911 20.750000000000014 1 -3.6977854932234928e-32 3.3306690738754696e-16 
1 38.999999999999993 -8.7499999999999947 20.750000000000021 1 -3.6977854932234928e-32 3.3306690738754696e-16 
1 38.999999999999993 -20.750000000000007 8.7500000000000124 1 -3.6977854932234928e-32 3.3306690738754696e-16 
3 -16 -8.6597395920762163e-15 -5.3290705182007451e-15 -0.70710678118654746 -0.70710678118654768 5.9687565469577652e-16 0.70710678118654768 -0.70710678118654746 1.0679033923009091e-15 -3.3306690738754721e-16 1.1771765533086347e-15 1 31.847291878588361 22.519436049777092
1 38.999999999999993 -18.599999999999994 12.695077786291851 1 -3.6977854932234928e-32 3.3306690738754696e-16 
3 -17.799999999999969 -8.6597395920762163e-15 -5.9285909514983208e-15 -0.70710678118654791 -0.70710678118654724 5.9687565469577633e-16 0.70710678118654724 -0.70710678118654791 1.0679033923009095e-15 -3.3306690738754681e-16 1.1771765533086347e-15 1 31.847291878588344 22.519436049777092
2 0 -8.6597395920762163e-15 6.3108872417680944e-30 1 -3.6977854932234928e-32 3.3306690738754696e-16 0 1 1.1102230246251565e-16 -3.3306690738754696e-16 -1.1102230246251565e-16 1 22.519436049777092
3 -17.799999999999983 -8.6597395920762163e-15 -5.9285909514983239e-15 -0.70710678118654791 5.8878467200641567e-16 0.70710678118654724 0.70710678118654724 5.8878467200641577e-16 0.70710678118654791 3.4512664603419258e-31 1 -8.3266726846886741e-16 31.847291878588354 22.519436049777092
1 39 -12.69507778629184 18.600000000000009 1 -3.6977854932234928e-32 3.3306690738754696e-16 
3 -16.000000000000007 -8.6597395920762163e-15 -5.3290705182007482e-15 -0.70710678118654746 5.8878467200641587e-16 0.70710678118654768 0.70710678118654768 5.8878467200641537e-16 0.70710678118654746 1.9721522630525295e-31 1 -8.3266726846886741e-16 31.847291878588372 22.519436049777092
3 -16.000000000000007 -8.6597395920762163e-15 -5.3290705182007482e-15 -0.70710678118654746 5.8878467200641587e-16 0.70710678118654768 0.70710678118654768 5.8878467200641537e-16 0.70710678118654746 1.9721522630525295e-31 1 -8.3266726846886741e-16 31.847291878588372 22.519436049777092
1 39 12.69507778629184 18.599999999999994 1 -3.6977854932234928e-32 3.3306690738754696e-16 
3 -17.799999999999983 -8.6597395920762163e-15 -5.9285909514983239e-15 -0.70710678118654791 5.8878467200641567e-16 0.70710678118654724 0.70710678118654724 5.8878467200641577e-16 0.70710678118654791 3.4512664603419258e-31 1 -8.3266726846886741e-16 31.847291878588354 22.519436049777092
2 0 -8.6597395920762163e-15 6.3108872417680944e-30 1 -3.6977854932234928e-32 3.3306690738754696e-16 0 1 1.1102230246251565e-16 -3.3306690738754696e-16 -1.1102230246251565e-16 1 22.519436049777092
3 -17.79999999999999 -8.6597395920762163e-15 -5.9285909514983271e-15 -0.70710678118654791 0.70710678118654724 -5.1028004907222707e-16 0.70710678118654724 0.70710678118654791 -3.9252311467094786e-17 3.3306690738754691e-16 -3.8857805861880499e-16 -1 31.847291878588344 22.519436049777092
1 38.999999999999993 18.600000000000005 12.695077786291817 1 -3.6977854932234928e-32 3.3306690738754696e-16 
3 -16.000000000000007 -8.6597395920762163e-15 -5.3290705182007482e-15 -0.70710678118654746 0.70710678118654768 -5.1028004907222707e-16 0.70710678118654768 0.70710678118654746 -3.9252311467094348e-17 3.3306690738754706e-16 -3.8857805861880499e-16 -1 31.847291878588361 22.519436049777092
1 39.000000000000007 20.749999999999993 8.7500000000000178 1 -3.6977854932234928e-32 3.3306690738754696e-16 
1 38.999999999999993 -20.750000000000014 -8.7499999999999734 1 -3.6977854932234928e-32 3.3306690738754696e-16 
1 39.000000000000007 20.749999999999986 -8.7500000000000071 1 -3.6977854932234928e-32 3.3306690738754696e-16 
1 39.000000000000007 -8.7500000000000284 -20.749999999999979 1 -3.6977854932234928e-32 3.3306690738754696e-16 
3 -16 -8.6597395920762163e-15 -5.3290705182007451e-15 -0.70710678118654746 -6.6728929494060456e-16 -0.70710678118654768 0.70710678118654768 -6.6728929494060515e-16 -0.70710678118654746 -4.9303806576313238e-31 -1 9.4368957093138385e-16 31.847291878588354 22.519436049777092
1 39 -12.695077786291817 -18.599999999999994 1 -3.6977854932234928e-32 3.3306690738754696e-16 
3 -17.799999999999983 -8.6597395920762163e-15 -5.9285909514983239e-15 -0.70710678118654791 -6.6728929494060437e-16 -0.70710678118654724 0.70710678118654724 -6.6728929494060545e-16 -0.70710678118654791 -3.9443045261050582e-31 -1 9.4368957093138365e-16 31.847291878588333 22.519436049777092
2 0 -8.6597395920762163e-15 6.3108872417680944e-30 1 -3.6977854932234928e-32 3.3306690738754696e-16 0 1 1.1102230246251565e-16 -3.3306690738754696e-16 -1.1102230246251565e-16 1 22.519436049777092
3 -17.799999999999969 -8.6597395920762163e-15 -5.9285909514983208e-15 -0.70710678118654791 -0.70710678118654724 5.9687565469577633e-16 0.70710678118654724 -0.70710678118654791 1.0679033923009095e-15 -3.3306690738754681e-16 1.1771765533086347e-15 1 31.847291878588344 22.519436049777092
1 39.000000000000007 -18.600000000000009 -12.695077786291808 1 -3.6977854932234928e-32 3.3306690738754696e-16 
3 -16 -8.6597395920762163e-15 -5.3290705182007451e-15 -0.70710678118654746 -0.70710678118654768 5.9687565469577652e-16 0.70710678118654768 -0.70710678118654746 1.0679033923009091e-15 -3.3306690738754721e-16 1.1771765533086347e-15 1 31.847291878588361 22.519436049777092
3 -16.000000000000007 -8.6597395920762163e-15 -5.3290705182007482e-15 -0.70710678118654746 0.70710678118654768 -5.1028004907222707e-16 0.70710678118654768 0.70710678118654746 -3.9252311467094348e-17 3.3306690738754706e-16 -3.8857805861880499e-16 -1 31.847291878588361 22.519436049777092
1 39.000000000000007 18.599999999999998 -12.695077786291803 1 -3.6977854932234928e-32 3.3306690738754696e-16 
3 -17.79999999999999 -8.6597395920762163e-15 -5.9285909514983271e-15 -0.70710678118654791 0.70710678118654724 -5.1028004907222707e-16 0.70710678118654724 0.70710678118654791 -3.9252311467094786e-17 3.3306690738754691e-16 -3.8857805861880499e-16 -1 31.847291878588344 22.519436049777092
2 0 -8.6597395920762163e-15 6.3108872417680944e-30 1 -3.6977854932234928e-32 3.3306690738754696e-16 0 1 1.1102230246251565e-16 -3.3306690738754696e-16 -1.1102230246251565e-16 1 22.519436049777092
3 -17.799999999999983 -8.6597395920762163e-15 -5.9285909514983239e-15 -0.70710678118654791 -6.6728929494060437e-16 -0.70710678118654724 0.70710678118654724 -6.6728929494060545e-16 -0.70710678118654791 -3.9443045261050582e-31 -1 9.4368957093138365e-16 31.847291878588333 22.519436049777092
1 39 12.695077786291778 -18.600000000000009 1 -3.6977854932234928e-32 3.3306690738754696e-16 
3 -16 -8.6597395920762163e-15 -5.3290705182007451e-15 -0.70710678118654746 -6.6728929494060456e-16 -0.70710678118654768 0.70710678118654768 -6.6728929494060515e-16 -0.70710678118654746 -4.9303806576313238e-31 -1 9.4368957093138385e-16 31.847291878588354 22.519436049777092
1 39.000000000000007 8.7499999999999964 -20.749999999999986 1 -3.6977854932234928e-32 3.3306690738754696e-16 
2 12.999999999999996 4.9523189302695911 -6.8162822400302145 3.6198038651764571e-16 -0.30901699437494717 -0.95105651629515375 1.1761455722958346e-16 0.95105651629515375 -0.30901699437494717 1 -1.2325951644078307e-31 3.8060870233847134e-16 9
1 4 2.9316930356614619 -13.035129290655687 -3.1676545263320099e-16 0.30901699437494734 0.95105651629515364 
2 12.999999999999993 8.0130203523057286 2.6035881387792825 3.6198038651764566e-16 -0.30901699437494723 -0.95105651629515364 1.1761455722958341e-16 0.95105651629515364 -0.30901699437494723 1 -2.4651903288156619e-32 3.8060870233847138e-16 9
2 12.999999999999996 4.9523189302695911 -6.8162822400302145 3.0012230900594075e-33 -1 -1.6653345369377348e-16 3.8060870233847143e-16 1.6653345369377348e-16 -1 1 -6.0382858616271642e-32 3.8060870233847143e-16 9
2 12.999999999999993 8.0130203523057286 2.6035881387792825 2.2371618212872913e-16 0.80901699437494767 -0.58778525229247292 -3.0791890839881922e-16 0.58778525229247292 0.80901699437494767 1 -2.4651903288156613e-32 3.8060870233847134e-16 9
2 12.999999999999996 -4.9523189302696062 -6.8162822400302199 1.2976938650272145e-31 -1 -4.9960036108132044e-16 3.8060870233847138e-16 4.9960036108132044e-16 -1 1 -6.0382858616271675e-32 3.8060870233847138e-16 9
1 3.9999999999999964 -11.491201682317852 -6.8162822400302208 -2.5743420717528485e-32 1 1.8831434242965111e-16 
1 3.9999999999999947 13.303087622937991 -1.2398707093443024 -1.9577181618906305e-16 -0.80901699437494756 0.58778525229247292 
2 12.999999999999989 -8.4542190351138182e-15 8.425388202501896 2.2371618212872928e-16 0.80901699437494734 -0.58778525229247325 -3.0791890839881903e-16 0.58778525229247325 0.80901699437494734 1 -7.3955709864469857e-32 3.8060870233847134e-16 9
2 12.999999999999996 -4.9523189302696062 -6.8162822400302199 -3.6198038651764561e-16 -0.30901699437494778 0.95105651629515353 1.1761455722958348e-16 -0.95105651629515353 -0.30901699437494778 1 -7.3955709864469846e-32 3.8060870233847129e-16 9
2 12.999999999999989 -8.4542190351138182e-15 8.425388202501896 -2.2371618212872879e-16 0.80901699437494812 0.58778525229247225 -3.0791890839881952e-16 -0.58778525229247225 0.80901699437494812 1 -1.2325951644078309e-31 3.8060870233847148e-16 9
2 12.999999999999993 -8.0130203523057446 2.6035881387792759 -3.6198038651764561e-16 -0.30901699437494762 0.95105651629515353 1.1761455722958346e-16 -0.95105651629515353 -0.30901699437494762 1 -4.9303806576313238e-32 3.8060870233847134e-16 9
1 3.9999999999999858 -10.033646246913875 8.8224351894047501 3.1676545263320099e-16 0.30901699437494767 -0.95105651629515364 
1 3.9999999999999893 5.2900672706322505 12.268847050625471 1.9577181618906308e-16 -0.80901699437494734 -0.58778525229247325 
2 12.999999999999993 -8.0130203523057446 2.6035881387792759 -2.2371618212872909e-16 0.80901699437494756 0.58778525229247303 -3.0791890839881922e-16 -0.58778525229247303 0.80901699437494756 1 -9.8607613152626476e-32 3.8060870233847138e-16 9
1 2.5999999999999979 18.600000000000009 20.749999999999996 3.8857805861880469e-16 -3.3306690738754711e-16 -1 
1 0.79999999999999771 18.600000000000009 20.749999999999993 3.8857805861880469e-16 -3.3306690738754711e-16 -1 
1 -2.2209037036623297e-15 17.800000000000011 20.749999999999993 3.8857805861880469e-16 -3.3306690738754711e-16 -1 
Polygon3D 0
PolygonOnTriangulations 0
Surfaces 30
1 -3.0413914418159493e-31 0 -6.8486046820250624e-16 1 -2.2204460492503121e-16 3.3306690738754711e-16 -3.3306690738754711e-16 0 1 -2.2204460492503121e-16 -1 -7.3955709864469857e-32 
2 39 4.9523189302695911 -6.8162822400302048 -1 1.1102230246251565e-16 -3.3306690738754696e-16 2.0851181885772569e-16 0.95105651629515364 -0.30901699437494734 2.8245767441764807e-16 -0.30901699437494734 -0.95105651629515364 9
2 39 8.0130203523057286 2.6035881387792918 -1 1.1102230246251565e-16 -3.3306690738754696e-16 2.0851181885772569e-16 0.95105651629515364 -0.30901699437494734 -2.8245767441764807e-16 0.30901699437494734 0.95105651629515364 9
2 39.000000000000007 -4.9523189302696062 -6.8162822400302101 -1 1.1102230246251565e-16 -3.3306690738754696e-16 -2.6651495644081782e-18 -0.95105651629515364 -0.30901699437494767 3.510732308487539e-16 0.30901699437494767 -0.95105651629515364 9
2 39 -8.4542190351138197e-15 8.4253882025019049 -1 1.1102230246251565e-16 -3.3306690738754696e-16 -2.0419951627741127e-16 0.58778525229247292 0.80901699437494756 -2.8559074563587374e-16 -0.80901699437494756 0.58778525229247292 9
2 39 -8.0130203523057446 2.6035881387792852 -1 1.1102230246251565e-16 -3.3306690738754696e-16 -3.3471406040345323e-16 -0.58778525229247325 0.80901699437494734 1.0595288674225237e-16 -0.80901699437494734 -0.58778525229247325 9
2 39 -8.6597395920762179e-15 1.2989609388114338e-14 1 -3.6977854932234928e-32 3.3306690738754696e-16 0 1 1.1102230246251565e-16 -3.3306690738754696e-16 -1.1102230246251565e-16 1 22.519436049777092
1 39.000000000000007 11.491201682317842 -15.816282240030203 2.0851181885772569e-16 0.95105651629515364 -0.30901699437494734 -3.1676545263320099e-16 0.30901699437494734 0.95105651629515364 1 -1.0042061595466321e-16 3.6569554341905749e-16 
2 13 2.9316930356614623 -13.035129290655684 -3.1676545263320099e-16 0.30901699437494734 0.95105651629515364 2.0851181885772581e-16 0.95105651629515364 -0.30901699437494734 -1 1.0042061595466331e-16 -3.6569554341905754e-16 9
1 39.000000000000007 -11.491201682317854 -15.816282240030208 3.3306690738754696e-16 1.8831434242965111e-16 -1 -2.5743420717528485e-32 1 1.8831434242965111e-16 1 -3.6977854932234934e-32 3.3306690738754696e-16 
4 12.999999999999996 4.9523189302695911 -6.8162822400302145 1 -6.038285861627162e-32 3.8060870233847134e-16 1.1761455722958338e-16 0.95105651629515375 -0.30901699437494717 3.6198038651764571e-16 -0.30901699437494717 -0.95105651629515375 9
1 39 18.593154893570244 6.0412822400302382 -2.0419951627741127e-16 0.58778525229247292 0.80901699437494756 -1.9577181618906305e-16 -0.80901699437494756 0.58778525229247292 1 -3.835726212348137e-17 2.8027266528201351e-16 
4 12.999999999999993 8.0130203523057286 2.6035881387792825 1 -6.038285861627162e-32 3.8060870233847134e-16 1.1761455722958341e-16 0.95105651629515364 -0.30901699437494723 -3.6198038651764566e-16 0.30901699437494723 0.95105651629515364 9
2 12.999999999999996 -11.491201682317852 -6.8162822400302172 -2.5743420717528485e-32 1 1.8831434242965111e-16 3.3306690738754696e-16 1.8831434242965111e-16 -1 -1 3.6977854932234934e-32 -3.3306690738754696e-16 9
