<?xml version='1.0' encoding='utf-8'?>
<!-- FreeCAD DocumentObject -->
<Document SchemaVersion="4" FileVersion="2">
<Object name="Pad115">
  <Properties Count="46" TransientCount="2">
    <_Property name="_Body" type="App::PropertyLinkHidden" status="251658240"/>
    <_Property name="_ElementMapVersion" type="App::PropertyString" status="234881024"/>
    <Property name="AddSubShape" type="Part::PropertyPartShape">
      <Part HasherIndex="0" ElementMap="1.15.70200.4" brep="1">
<![CDATA[

CASCADE Topology V1, (c) Matra-Datavision
Locations 13
1
              1               0               0               0 
              0               1               0               0 
              0               0               1               0 
1
             -1               0               0               0 
              0 2.22044604925031e-16               1              -4 
              0               1 -2.22044604925031e-16 8.88178419700125e-16 
2  1 1 2 1 0
2  2 -1 1 -1 0
1
              1               0               0               0 
              0               1               0               4 
              0               0               1 -8.88178419700125e-16 
2  1 1 2 1 5 1 0
2  5 -1 2 -1 1 -1 0
1
              1               0               0               0 
              0               1               0               4 
              0               0               1 -8.88178419700125e-16 
2  1 1 2 1 8 1 0
2  8 -1 2 -1 1 -1 0
1
              1               0               0               0 
              0               1               0               4 
              0               0               1 -8.88178419700125e-16 
2  1 1 2 1 11 1 0
2  11 -1 2 -1 1 -1 0
Curve2ds 68
7 0 0  1 2 2  -2.3094010767585047 0  1.7692156077828933 0 
 0 2 1.7692156077828933 2
1 1.7692156077828933 0 0 1 
6 0 1 2.0602664402584058e-17 0  2.0602664402584058e-17 4.6188021535170067  
1 0 1 1 0 
1 -2.3094010767585047 0 0 1 
1 2.3094010767585029 0 0 1 
1 0 0 1 0 
6 0 1 1.5707963267948966 0  1.5707963267948966 4.6188021535170067  
1 -6.2831853071795862 4.6188021535170067 1 0 
6 0 1 1.5707963267948966 0  1.5707963267948966 4.6188021535170058  
1 0 0 1 0 
6 0 1 3.1415926535897931 0  3.1415926535897931 4.6188021535170058  
1 5.2229338930859226e-64 0 0 1 
1 -6.2831853071795862 4.6188021535170058 1 0 
7 0 0  1 2 2  5.2229338930859226e-64 0  2.7185812677746068 0 
 0 2 0.4091801910161017 2
1 2.7185812677746068 0 0 1 
1 0 0 0 1 
1 0 1 1 0 
1 0 0 1 0 
1 30.932057142169711 0 0 1 
1 2.3094010767584994 0 0 1 
1 2.3094010767585029 1 1 0 
1 2.3094010767584994 0 1 0 
1 4.0786166845413963 0 0 1 
1 -7.2846694099443159 0 0 1 
1 0 1 1 0 
7 0 0  1 2 2  2.3094010767585029 0  -7.2846694099443159 0 
 0 2 4.9752683331858147 2
1 0 1 -1 0 
1 0 0 1 0 
6 0 1 4.7123889803846897 0  4.7123889803846897 4.6188021535170058  
1 0 4.6188021535170058 1 0 
6 0 1 3.1415926535897931 0  3.1415926535897931 4.6188021535170058  
1 0 0 0 1 
6 0 1 4.7123889803846897 0  4.7123889803846897 4.6188021535170058  
1 0 0 1 0 
6 0 1 6.2831853071795862 0  6.2831853071795862 4.6188021535170058  
1 -1.1067531502014452e-63 0 0 1 
1 0 4.6188021535170058 1 0 
7 0 0  1 2 2  -1.1067531502014452e-63 0  4.078616684541398 0 
 0 2 1.7692156077828933 2
1 4.078616684541398 0 0 1 
1 -2.3094010767585029 0 0 1 
1 0 1 1 0 
7 0 0  1 2 2  -2.3094010767585029 0  7.2846694099443177 0 
 0 2 4.9752683331858147 2
1 7.2846694099443177 0 0 1 
1 -1.7692156077828933 0 0 1 
1 0 1 1 0 
1 0 0 -1 0 
1 0 0 0 1 
1 -28.622656065411213 0 0 1 
1 2.3094010767585029 1 -1 0 
1 2.3094010767585047 0 -1 0 
1 2.3094010767585047 0 0 1 
1 -2.7185812677746068 0 0 1 
1 0 1 -1 0 
7 0 0  1 2 2  0 0  -2.7185812677746068 0 
 0 2 0.4091801910161017 2
1 0 1 -1 0 
1 0 0 1 0 
6 0 1 6.2831853071795862 0  6.2831853071795862 4.6188021535170058  
6 0 1 0 0  0 4.6188021535170058  
1 0 4.6188021535170058 1 0 
1 0 0 1 0 
6 0 1 6.2831853071795862 0  6.2831853071795862 4.6188021535170058  
6 0 1 0 0  0 4.6188021535170058  
1 0 4.6188021535170058 1 0 
1 0 0 1 0 
6 0 1 6.2831853071795862 0  6.2831853071795862 4.6188021535170058  
6 0 1 0 0  0 4.6188021535170058  
1 0 4.6188021535170058 1 0 
Curves 57
1 19.344913100851116 9 0 0 1 0 
7 0 0  1 2 2  -19.344913100851116 -3.9999999999999978 10.769215607782893  -21.654314177609621 2.3912462249826335e-15 10.769215607782893 
 0 2 1 2
1 -21.654314177609621 1.9984014443252818e-15 9 7.596454196607839e-65 2.2204460492503136e-16 1 
7 0 0  1 2 2  -19.344913100851116 -3.9999999999999982 9  -21.654314177609621 1.4856113946229977e-15 6.6905989232414953 
 0 2 1 2
2 14.369644767665301 10.769215607782893 0 0 0 1 1 0 0 0 1 0 4.9752683331858139
6 0 1 -14.369644767665301 -3.9999999999999964 15.744483940968706  -14.369644767665305 4.0087677661231804e-15 18.053885017727211  
2 -14.369644767665303 2.3912462249826335e-15 10.769215607782893 1.5407439555097887e-33 1 -2.2204460492503136e-16 -1 1.5407439555097887e-33 -3.4211388289180112e-49 0 2.2204460492503136e-16 1 7.2846694099443177
1 14.369644767665301 15.744483940968708 0 -1 0 0 
6 0 1 11.996324232334699 -3.9999999999999964 15.74448394096871  11.996324232334697 4.0087677661231804e-15 18.053885017727211  
1 -14.369644767665303 4.0087677661231804e-15 18.053885017727211 1 -1.5407439555097887e-33 3.4211388289180112e-49 
2 -11.996324232334699 11.178395798798995 0 0 0 1 1 0 0 0 1 0 4.5660881421697139
6 0 1 16.562412374504412 -3.9999999999999973 11.178395798798995  18.871813451262913 2.482102478839953e-15 11.178395798798997  
2 11.996324232334697 2.4821024788399526e-15 11.178395798798995 1.5407439555097887e-33 1 -2.2204460492503136e-16 -1 1.5407439555097887e-33 -3.4211388289180112e-49 0 2.2204460492503136e-16 1 6.8754892189282169
1 -16.562412374504412 11.178395798798995 0 0 -1 0 
7 0 0  1 2 2  16.562412374504412 -3.9999999999999973 10.769215607782893  18.871813451262916 1.8784561752803494e-15 8.4598145310243886 
 0 2 1 2
1 18.871813451262916 2.4821024788399526e-15 11.178395798798995 -7.596454196607839e-65 -2.2204460492503136e-16 -1 
1 -16.562412374504412 10.769215607782893 0 1 0 0 
7 0 0  1 2 2  -14.369644767665299 -3.9999999999999978 10.769215607782893  -12.060243690906795 1.8784561752803494e-15 8.4598145310243904 
 0 2 1 2
1 16.562412374504412 1.8784561752803494e-15 8.4598145310243904 -1 1.5407439555097887e-33 -3.4211388289180112e-49 
1 14.369644767665301 10.769215607782893 0 0 -1 0 
7 0 0  1 2 2  -14.369644767665301 -3.9999999999999982 9  -12.060243690906798 1.4856113946229979e-15 6.6905989232414971 
 0 2 1 2
1 -12.060243690906798 2.3912462249826335e-15 10.769215607782893 -7.596454196607839e-65 -2.2204460492503136e-16 -1 
1 19.344913100851116 9 0 -1 0 0 
1 -19.344913100851116 1.4856113946229977e-15 6.6905989232414971 1 -1.5407439555097887e-33 3.4211388289180112e-49 
2 -11.996324232334699 -11.178395798798997 0 0 0 1 1 0 0 0 1 0 4.5660881421697139
6 0 1 11.996324232334699 -4.0000000000000036 -15.74448394096871  11.996324232334699 -4.0087677661231812e-15 -18.053885017727215  
2 11.996324232334697 -2.482102478839953e-15 -11.178395798798997 -2.311115933264683e-33 1 -2.2204460492503136e-16 -1 -2.311115933264683e-33 5.1317082433770172e-49 0 2.2204460492503136e-16 1 6.8754892189282169
6 0 1 16.562412374504412 -4.0000000000000027 -11.178395798798995  18.871813451262913 -2.4821024788399526e-15 -11.178395798798997  
1 -11.996324232334699 -15.74448394096871 0 1 0 0 
6 0 1 -14.369644767665301 -4.0000000000000036 -15.74448394096871  -14.369644767665303 -4.0087677661231812e-15 -18.053885017727211  
1 11.996324232334697 -4.0087677661231812e-15 -18.053885017727211 -1 -2.311115933264683e-33 5.1317082433770172e-49 
2 14.369644767665303 -10.769215607782895 0 0 0 1 1 0 0 0 1 0 4.9752683331858139
6 0 1 -19.344913100851116 -4.0000000000000027 -10.769215607782897  -21.654314177609621 -2.3912462249826343e-15 -10.769215607782897  
2 -14.369644767665303 -2.3912462249826339e-15 -10.769215607782895 -2.311115933264683e-33 1 -2.2204460492503136e-16 -1 -2.311115933264683e-33 5.1317082433770172e-49 0 2.2204460492503136e-16 1 7.2846694099443159
1 19.344913100851116 -10.769215607782895 0 0 1 0 
7 0 0  1 2 2  -19.344913100851116 -4.0000000000000027 -9  -21.654314177609621 -1.4856113946229979e-15 -6.6905989232414971 
 0 2 1 2
1 -21.654314177609621 -2.3912462249826339e-15 -10.769215607782895 -1.5192908393215678e-64 2.2204460492503136e-16 1 
1 19.344913100851116 -9.0000000000000018 0 -1 0 0 
7 0 0  1 2 2  -14.369644767665301 -4.0000000000000018 -9  -12.060243690906798 -1.4856113946229981e-15 -6.6905989232414989 
 0 2 1 2
1 -19.344913100851116 -1.4856113946229981e-15 -6.6905989232414989 1 2.311115933264683e-33 -5.1317082433770172e-49 
1 14.369644767665301 -10.769215607782895 0 0 1 0 
7 0 0  1 2 2  -14.369644767665301 -4.0000000000000027 -10.769215607782893  -12.060243690906798 -1.8784561752803502e-15 -8.4598145310243922 
 0 2 1 2
1 -12.060243690906798 -2.3912462249826339e-15 -10.769215607782895 -1.5192908393215678e-64 2.2204460492503136e-16 1 
1 -16.562412374504412 -10.769215607782895 0 1 0 0 
7 0 0  1 2 2  16.562412374504412 -4.0000000000000027 -10.769215607782893  18.871813451262916 -1.8784561752803502e-15 -8.4598145310243922 
 0 2 1 2
1 16.562412374504412 -1.8784561752803502e-15 -8.4598145310243922 -1 -2.311115933264683e-33 5.1317082433770172e-49 
1 -16.562412374504412 -11.178395798798997 0 0 1 0 
1 18.871813451262916 -2.482102478839953e-15 -11.178395798798997 -1.5192908393215678e-64 2.2204460492503136e-16 1 
2 -8.9489739999999998 -0 0 0 0 1 1 0 -0 -0 1 0 3.1494650000000002
6 0 1 5.7995089999999996 -4 8.8817841970012523e-16  3.4901079232414967 0 0  
2 -8.9489739999999998 0 0 0 -0 1 1 0 0 -0 1 0 5.4588660767585031
2 0 -0 0 0 0 1 1 0 -0 -0 1 0 2.9663870000000001
6 0 1 -2.9663870000000001 -4 8.8817841970012523e-16  -5.275788076758503 0 0  
2 0 0 0 0 -0 1 1 0 0 -0 1 0 5.275788076758503
2 9.5271109999999997 -0.15609999999999999 0 0 0 1 1 0 -0 -0 1 0 2.3834909999999998
6 0 1 -11.910601999999999 -4 -0.1560999999999991  -14.220003076758502 -3.4661162828797385e-17 -0.15609999999999999  
2 9.5271109999999997 -0.15609999999999999 0 0 -0 1 1 0 0 -0 1 0 4.6928920767585023
Polygon3D 0
PolygonOnTriangulations 0
Surfaces 51
1 -20.499613639230368 -1.999999999999998 9.3072575347018205 -0.86602540378443849 -0.50000000000000033 2.7755575615628914e-17 -0.19742754637312854 0.34195454113191898 0.9187434112592836 -0.45937170562964202 0.79565513371011332 -0.39485509274625674 
9 0 0 0 0 1 1 2 2 2 2 -19.344913100851116 -3.9999999999999982 9  -21.654314177609621 1.4856113946229977e-15 6.6905989232414953  
-19.344913100851116 -3.9999999999999978 10.769215607782893  -21.654314177609621 2.3912462249826335e-15 10.769215607782893  

-2.3094010767585047 2
1.7692156077828933 2

0 2
1 2

1 -14.369644767665301 -3.9999999999999978 10.769215607782893 0 1 -2.2204460492503131e-16 -1 0 0 0 2.2204460492503131e-16 1 
10 2.0602664402584058e-17 1.5707963267948966 0 4.6188021535170067
3 -14.369644767665301 -3.9999999999999978 10.769215607782893 0 1 -2.2204460492503131e-16 -1 0 0 0 2.2204460492503131e-16 1 4.9752683331858139
0.52359877559829904
1 -14.369644767665303 2.3912462249826335e-15 10.769215607782893 1.5407439555097887e-33 1 -2.2204460492503136e-16 -1 1.5407439555097887e-33 -3.4211388289180112e-49 0 2.2204460492503136e-16 1 
9 0 0 0 0 1 1 2 2 2 2 -14.369644767665301 -3.9999999999999982 9  -12.0602436909068 1.4856113946229977e-15 6.6905989232414971  
-19.344913100851116 -3.9999999999999982 9  -21.654314177609621 1.4856113946229977e-15 6.6905989232414971  

-7.2846694099443159 2
2.3094010767585029 2

0 2
1 2

1 -14.369644767665303 4.0087677661231804e-15 18.053885017727211 -7.70371977754894e-34 -0.49999999999999961 0.86602540378443893 1 -1.540743955509789e-33 3.4211388289180104e-49 1.3343234061987985e-33 0.86602540378443893 0.49999999999999961 
1 -14.369644767665303 4.0087677661231804e-15 18.053885017727211 -7.70371977754894e-34 -0.49999999999999961 0.86602540378443893 1 -1.540743955509789e-33 3.4211388289180104e-49 1.3343234061987985e-33 0.86602540378443893 0.49999999999999961 
10 1.5707963267948966 3.1415926535897931 0 4.6188021535170058
3 11.996324232334699 -3.9999999999999973 11.178395798798995 0 1 -2.2204460492503131e-16 -1 0 0 0 2.2204460492503131e-16 1 4.5660881421697139
0.52359877559829882
9 0 0 0 0 1 1 2 2 2 2 16.562412374504412 -3.9999999999999973 11.178395798798995  18.871813451262916 2.4821024788399526e-15 11.178395798798995  
16.562412374504412 -3.9999999999999973 10.769215607782893  18.871813451262916 1.8784561752803494e-15 8.4598145310243886  

5.2229338930859226e-64 2
2.7185812677746068 2

0 2
1 2

1 17.717112912883664 -1.9999999999999976 10.39645543410132 0.8660254037844386 -0.50000000000000033 1.3877787807814457e-16 -0.14338083890086989 -0.24834289780815488 -0.95800195205663918 0.47900097602831987 0.82965402735613114 -0.28676167780173983 
9 0 0 0 0 1 1 2 2 2 2 16.562412374504412 -3.9999999999999978 10.769215607782893  18.871813451262916 1.8784561752803494e-15 8.4598145310243904  
-14.369644767665299 -3.9999999999999978 10.769215607782893  -12.060243690906795 1.8784561752803494e-15 8.4598145310243904  

0 2
30.932057142169711 2

0 2
1 2

1 2.2510843417988085 -1.999999999999998 9.614515069403641 -5.2041704279304213e-18 -0.50000000000000011 -0.8660254037844386 -0.9999357480104345 -0.0098170712592781356 0.0056678887341979761 -0.011335777468395942 0.8659697599292312 -0.49996787400521736 
9 0 0 0 0 1 1 2 2 2 2 -14.369644767665301 -3.9999999999999978 10.769215607782893  -12.060243690906798 1.8784561752803506e-15 8.459814531024394  
-14.369644767665301 -3.9999999999999982 9  -12.060243690906798 1.4856113946229979e-15 6.6905989232414971  

2.3094010767584994 2
4.0786166845413963 2

0 2
1 2

1 -13.214944229286051 -1.9999999999999982 8.7299072655121961 0.8660254037844386 -0.5 -2.7755575615628907e-17 -0.24582603604440997 -0.42578318425217615 -0.87079173170785795 0.43539586585392898 0.75412776106444823 -0.49165207208881989 
1 -16.857278934258211 -1.9999999999999982 7.8452994616207476 -8.1502651614615685e-18 -0.49999999999999989 -0.86602540378443871 -1 1.8934910331298126e-16 -9.9909640198690627e-17 2.139359537521913e-16 0.86602540378443871 -0.49999999999999989 
1 -14.369644767665301 -3.9999999999999978 10.769215607782893 0 1 -2.2204460492503131e-16 -1 0 0 0 2.2204460492503131e-16 1 
1 -14.369644767665303 2.3912462249826335e-15 10.769215607782893 1.5407439555097887e-33 1 -2.2204460492503136e-16 -1 1.5407439555097887e-33 -3.4211388289180112e-49 0 2.2204460492503136e-16 1 
10 3.1415926535897931 4.7123889803846897 0 4.6188021535170058
3 11.996324232334699 -4.0000000000000027 -11.178395798798995 0 1 -2.2204460492503131e-16 -1 0 0 0 2.2204460492503131e-16 1 4.5660881421697139
0.52359877559829882
1 11.996324232334699 -4.0000000000000027 -11.178395798798995 0 1 -2.2204460492503131e-16 -1 0 0 0 2.2204460492503131e-16 1 
1 11.996324232334697 -4.0087677661231812e-15 -18.053885017727211 1.1555579666323403e-33 -0.49999999999999972 -0.86602540378443882 -1 -2.311115933264683e-33 6.8422776578360209e-49 -2.0014851092981976e-33 0.86602540378443882 -0.49999999999999972 
1 11.996324232334697 -2.482102478839953e-15 -11.178395798798997 -2.311115933264683e-33 1 -2.2204460492503136e-16 -1 -2.311115933264683e-33 5.1317082433770172e-49 0 2.2204460492503136e-16 1 
9 0 0 0 0 1 1 2 2 2 2 16.562412374504412 -4.0000000000000027 -10.769215607782893  18.871813451262916 -1.8784561752803494e-15 -8.4598145310243904  
16.562412374504412 -4.0000000000000027 -11.178395798798995  18.871813451262916 -2.482102478839953e-15 -11.178395798798997  

-2.7185812677746068 2
0 2

0 2
1 2

1 11.996324232334697 -4.0087677661231812e-15 -18.053885017727211 1.1555579666323403e-33 -0.49999999999999972 -0.86602540378443882 -1 -2.311115933264683e-33 6.8422776578360209e-49 -2.0014851092981976e-33 0.86602540378443882 -0.49999999999999972 
10 4.7123889803846897 6.2831853071795862 0 4.6188021535170058
3 -14.369644767665303 -4.0000000000000027 -10.769215607782893 0 1 -2.2204460492503131e-16 -1 0 0 0 2.2204460492503131e-16 1 4.9752683331858139
0.5235987755982987
9 0 0 0 0 1 1 2 2 2 2 -19.344913100851116 -4.0000000000000027 -10.769215607782893  -21.654314177609621 -2.3912462249826339e-15 -10.769215607782895  
-19.344913100851116 -4.0000000000000027 -9  -21.654314177609621 -1.4856113946229979e-15 -6.6905989232414971  

-1.1067531502014452e-63 2
4.078616684541398 2

0 2
1 2

1 -20.499613639230368 -2.0000000000000022 -9.3072575347018205 -0.86602540378443871 -0.50000000000000011 5.5511151231257827e-17 0.19742754637312826 -0.34195454113191864 0.9187434112592836 -0.45937170562964191 0.79565513371011376 0.39485509274625646 
9 0 0 0 0 1 1 2 2 2 2 -19.344913100851116 -4.0000000000000018 -9  -21.654314177609621 -1.4856113946229981e-15 -6.6905989232414989  
-14.369644767665301 -4.0000000000000018 -9  -12.060243690906798 -1.4856113946229981e-15 -6.6905989232414989  

-2.3094010767585029 2
7.2846694099443177 2

0 2
1 2

1 -16.857278934258208 -2.0000000000000018 -7.8452994616207494 -4.0751325807307596e-18 -0.49999999999999961 0.86602540378443882 1 -9.4674551656490607e-17 -4.9954820099345282e-17 1.0696797687609561e-16 0.86602540378443882 0.49999999999999961 
9 0 0 0 0 1 1 2 2 2 2 -14.369644767665301 -4.0000000000000027 -9  -12.060243690906798 -1.4856113946229987e-15 -6.6905989232415006  
-14.369644767665301 -4.0000000000000027 -10.769215607782893  -12.060243690906798 -1.8784561752803502e-15 -8.4598145310243922  

-1.7692156077828933 2
0 2

0 2
1 2

1 -13.214944229286051 -2.0000000000000022 -8.7299072655121961 0.86602540378443871 -0.5 3.0531133177191805e-16 0.24582603604440995 0.42578318425217571 -0.87079173170785817 0.43539586585392887 0.75412776106444834 0.49165207208881945 
9 0 0 0 0 1 1 2 2 2 2 -14.369644767665299 -4.0000000000000027 -10.769215607782893  -12.060243690906802 -1.8784561752803502e-15 -8.4598145310243922  
16.562412374504412 -4.0000000000000027 -10.769215607782893  18.871813451262916 -1.8784561752803502e-15 -8.4598145310243922  

-28.622656065411213 2
2.3094010767585047 2

0 2
1 2

1 2.2510843417988067 -2.0000000000000022 -9.6145150694036428 -2.6020852139652106e-18 -0.49999999999999967 0.86602540378443893 0.9999357480104345 0.0098170712592781269 0.0056678887341979631 -0.011335777468395928 0.86596975992923131 0.49996787400521681 
1 17.717112912883664 -2.0000000000000022 -10.396455434101318 0.8660254037844386 -0.50000000000000011 -1.1102230246251565e-16 0.14338083890086978 0.24834289780815474 -0.95800195205663929 0.47900097602831965 0.82965402735613125 0.28676167780173961 
1 11.996324232334699 -4.0000000000000027 -11.178395798798995 0 1 -2.2204460492503131e-16 -1 0 0 0 2.2204460492503131e-16 1 
1 11.996324232334697 -2.482102478839953e-15 -11.178395798798997 -2.311115933264683e-33 1 -2.2204460492503136e-16 -1 -2.311115933264683e-33 5.1317082433770172e-49 0 2.2204460492503136e-16 1 
10 0 6.2831853071795862 0 4.6188021535170058
3 8.9489739999999998 -4 8.8817841970012523e-16 0 1 -2.2204460492503131e-16 -1 0 0 0 2.2204460492503131e-16 1 3.1494650000000002
0.52359877559829882
1 8.9489739999999998 -4 8.8817841970012523e-16 0 1 -2.2204460492503131e-16 -1 0 0 0 2.2204460492503131e-16 1 
1 8.9489739999999998 0 0 0 1 -2.2204460492503131e-16 -1 0 0 0 2.2204460492503131e-16 1 
1 8.9489739999999998 -4 8.8817841970012523e-16 0 1 -2.2204460492503131e-16 -1 0 0 0 2.2204460492503131e-16 1 
1 8.9489739999999998 0 0 0 1 -2.2204460492503131e-16 -1 0 0 0 2.2204460492503131e-16 1 
10 0 6.2831853071795862 0 4.6188021535170058
3 0 -4 8.8817841970012523e-16 0 1 -2.2204460492503131e-16 -1 0 0 0 2.2204460492503131e-16 1 2.9663870000000001
0.52359877559829882
1 0 -4 8.8817841970012523e-16 0 1 -2.2204460492503131e-16 -1 0 0 0 2.2204460492503131e-16 1 
1 0 0 0 0 1 -2.2204460492503131e-16 -1 0 0 0 2.2204460492503131e-16 1 
1 0 -4 8.8817841970012523e-16 0 1 -2.2204460492503131e-16 -1 0 0 0 2.2204460492503131e-16 1 
1 0 0 0 0 1 -2.2204460492503131e-16 -1 0 0 0 2.2204460492503131e-16 1 
10 0 6.2831853071795862 0 4.6188021535170058
3 -9.5271109999999997 -4 -0.1560999999999991 0 1 -2.2204460492503131e-16 -1 0 0 0 2.2204460492503131e-16 1 2.3834909999999998
0.52359877559829882
1 -9.5271109999999997 -4 -0.1560999999999991 0 1 -2.2204460492503131e-16 -1 0 0 0 2.2204460492503131e-16 1 
1 -9.5271109999999997 -3.4661162828797385e-17 -0.15609999999999999 0 1 -2.2204460492503131e-16 -1 0 0 0 2.2204460492503131e-16 1 
1 -9.5271109999999997 -4 -0.1560999999999991 0 1 -2.2204460492503131e-16 -1 0 0 0 2.2204460492503131e-16 1 
1 -9.5271109999999997 -3.4661162828797385e-17 -0.15609999999999999 0 1 -2.2204460492503131e-16 -1 0 0 0 2.2204460492503131e-16 1 
Triangulations 0

TShapes 164
Ve
1e-07
19.3449131008511 9 0
0 0

0101101
*
Ve
1e-07
19.3449131008511 10.7692156077829 0
0 0

0101101
*
Ed
 1e-07 1 1 0
1  1 0 0 1.76921560778289
2  1 2 4 0 1.76921560778289
4 C0 2 4 3 4
0

0101000
+164 0 -163 0 *
Ve
1e-07
-21.6543141776096 2.39124622498263e-15 10.7692156077829
0 0

0101101
*
Ed
 1e-07 1 1 0
1  2 0 0 1
2  2 2 0 0 1
2  3 4 0 0 1
4 G1 2 0 4 0
0

0101000
+163 3 -161 0 *
Ve
1e-07
-21.6543141776096 1.485611394623e-15 6.6905989232415
0 0

0101101
*
Ed
 1e-07 1 1 0
1  3 0 -2.3094010767585 1.76921560778289
2  4 2 0 -2.3094010767585 1.76921560778289
4 C0 2 0 5 0
0

0101000
+159 0 -161 0 *
Ed
 1e-07 1 1 0
1  4 0 0 1
2  5 2 0 0 1
2  6 6 0 0 1
4 C0 2 0 6 0
0

0101000
+164 3 -159 0 *
Wi

0101000
+162 3 +160 0 -158 0 -157 0 *
Fa
0  1e-07 1 0

0101000
+156 0 *
Ve
1.00000000888178e-07
14.3696447676653 15.7444839409687 0
0 0

0101101
*
Ed
 1e-07 1 1 0
1  5 0 2.06026644025841e-17 1.5707963267949
2  7 4 4 2.06026644025841e-17 1.5707963267949
4 C0 4 4 3 4
0

0101000
+163 0 -154 0 *
Ve
1e-07
-14.3696447676653 4.00876776612318e-15 18.0538850177272
0 0

0101101
*
Ed
 1e-07 1 1 0
1  6 0 0 1
2  8 4 0 0 1
4 G1 4 0 7 0
0

0101000
+154 3 -152 0 *
Ed
 1e-07 1 1 0
1  7 0 6.28318530717959 7.85398163397448
2  9 4 0 6.28318530717959 7.85398163397448
4 C0 4 0 5 0
0

0101000
+161 0 -152 0 *
Wi

0101000
+153 3 +151 0 -150 0 -160 0 *
Fa
0  1e-07 4 0

0101000
+149 0 *
Ve
1.00000000888178e-07
-11.9963242323347 15.7444839409687 0
0 0

0101101
*
Ed
 1e-07 1 1 0
1  8 0 0 26.365969
4 C0 7 4 3 4
0

0101000
+154 0 -147 0 *
Ve
1e-07
11.9963242323347 4.00876776612318e-15 18.0538850177272
0 0

0101101
*
Ed
 1e-07 1 1 0
1  9 0 0 1
2  10 9 0 0 1
4 G1 7 0 9 0
0

0101000
+147 3 -145 0 *
Ed
 1e-07 1 1 0
1  10 0 0 26.365969
4 C0 7 0 5 0
0

0101000
+152 0 -145 0 *
Wi

0101000
+146 3 +144 0 -143 0 -151 0 *
Fa
0  1e-07 8 0

0101000
+142 0 *
Ve
1e-07
-16.5624123745044 11.178395798799 0
0 0

0101101
*
Ed
 1e-07 1 1 0
1  11 0 1.5707963267949 3.14159265358979
2  11 9 4 1.5707963267949 3.14159265358979
4 C0 9 4 3 4
0

0101000
+147 0 -140 0 *
Ve
1e-07
18.8718134512629 2.48210247883995e-15 11.178395798799
0 0

0101101
*
Ed
 1e-07 1 1 0
1  12 0 0 1
2  12 9 0 0 1
2  13 10 0 0 1
4 G1 9 0 10 0
0

0101000
+140 3 -138 0 *
Ed
 1e-07 1 1 0
1  13 0 7.85398163397448 9.42477796076938
2  14 9 0 7.85398163397448 9.42477796076938
4 C0 9 0 5 0
0

0101000
+145 0 -138 0 *
Wi

0101000
+139 3 +137 0 -136 0 -144 0 *
Fa
0  1e-07 9 0

0101000
+135 0 *
Ve
1e-07
-16.5624123745044 10.7692156077829 0
0 0

0101101
*
Ed
 1e-07 1 1 0
1  14 0 0 0.409180191016102
2  15 10 4 0 0.409180191016102
4 C0 10 4 3 4
0

0101000
+140 0 -133 0 *
Ve
1e-07
18.8718134512629 1.87845617528035e-15 8.45981453102439
0 0

0101101
*
Ed
 1e-07 1 1 0
1  15 0 0 1
2  16 10 0 0 1
2  17 12 0 0 1
4 C0 10 0 12 0
0

0101000
+133 3 -131 0 *
Ed
 1e-07 1 1 0
1  16 0 5.22293389308592e-64 2.71858126777461
2  18 10 0 5.22293389308592e-64 2.71858126777461
4 C0 10 0 5 0
0

0101000
+138 0 -131 0 *
Wi

0101000
+132 3 +130 0 -129 0 -137 0 *
Fa
0  1e-07 11 0

0101000
+128 0 *
Ve
1.00000000888178e-07
14.3696447676653 10.7692156077829 0
0 0

0101101
*
Ed
 1e-07 1 1 0
1  17 0 0 30.9320571421697
2  19 12 4 0 30.9320571421697
4 C0 12 4 3 4
0

0101000
+133 0 -126 0 *
Ve
1e-07
-12.0602436909068 1.87845617528035e-15 8.45981453102439
0 0

0101101
*
Ed
 1e-07 1 1 0
1  18 0 0 1
2  20 12 0 0 1
2  21 14 0 0 1
4 C0 12 0 14 0
0

0101000
+126 3 -124 0 *
Ed
 1e-07 1 1 0
1  19 0 -2.3094010767585 28.6226560654112
2  22 12 0 -2.3094010767585 28.6226560654112
4 C0 12 0 5 0
0

0101000
+131 0 -124 0 *
Wi

0101000
+125 3 +123 0 -122 0 -130 0 *
Fa
0  1e-07 13 0

0101000
+121 0 *
Ve
1e-07
14.3696447676653 9 0
0 0

0101101
*
Ed
 1e-07 1 1 0
1  20 0 0 1.76921560778289
2  23 14 4 0 1.76921560778289
4 C0 14 4 3 4
0

0101000
+126 0 -119 0 *
Ve
1e-07
-12.0602436909068 1.485611394623e-15 6.6905989232415
0 0

0101101
*
Ed
 1e-07 1 1 0
1  21 0 0 1
2  24 14 0 0 1
2  25 6 0 0 1
4 C0 14 0 6 0
0

0101000
+119 3 -117 0 *
Ed
 1e-07 1 1 0
1  22 0 2.3094010767585 4.0786166845414
2  26 14 0 2.3094010767585 4.0786166845414
4 C0 14 0 5 0
0

0101000
+124 0 -117 0 *
Wi

0101000
+118 3 +116 0 -115 0 -123 0 *
Fa
0  1e-07 15 0

0101000
+114 0 *
Ed
 1e-07 1 1 0
1  23 0 0 4.97526833318581
2  27 6 4 0 4.97526833318581
4 C0 6 4 3 4
0

0101000
+164 0 -119 0 *
Ed
 1e-07 1 1 0
1  24 0 -2.3094010767585 7.28466940994432
2  28 6 0 -2.3094010767585 7.28466940994432
4 C0 6 0 5 0
0

0101000
+159 0 -117 0 *
Wi

0101000
-112 3 +157 0 +111 0 -116 0 *
Fa
0  1e-07 16 0

0101000
+110 0 *
Wi

0101100
+162 3 +153 3 +146 3 +139 3 +132 3 +125 3 +118 3 -112 3 *
Fa
0  1e-07 17 0

0101000
+108 0 *
Wi

0101100
+158 0 +150 0 +143 0 +136 0 +129 0 +122 0 +115 0 -111 0 *
Fa
0  1e-07 18 0

0111000
+106 0 *
Sh

0101100
+155 0 +148 0 +141 0 +134 0 +127 0 +120 0 +113 0 +109 0 -107 0 +105 0 
*
So

0100100
+104 0 *
Ve
1e-07
-16.5624123745044 -11.178395798799 0
0 0

0101101
*
Ve
1e-07
-11.9963242323347 -15.7444839409687 0
0 0

0101101
*
Ed
 1e-07 1 1 0
1  25 0 3.14159265358979 4.71238898038469
2  29 19 4 3.14159265358979 4.71238898038469
4 C0 19 4 20 4
0

0101000
+102 0 -101 0 *
Ve
1e-07
11.9963242323347 -4.00876776612318e-15 -18.0538850177272
0 0

0101101
*
Ed
 1e-07 1 1 0
1  26 0 0 1
2  30 19 0 0 1
4 G1 19 0 21 0
0

0101000
+101 3 -99 0 *
Ve
1e-07
18.8718134512629 -2.48210247883995e-15 -11.178395798799
0 0

0101101
*
Ed
 1e-07 1 1 0
1  27 0 3.14159265358979 4.71238898038469
2  31 19 0 3.14159265358979 4.71238898038469
4 C0 19 0 22 0
0

0101000
+97 0 -99 0 *
Ed
 1e-07 1 1 0
1  28 0 0 1
2  32 19 0 0 1
2  33 23 0 0 1
4 G1 19 0 23 0
0

0101000
+102 3 -97 0 *
Wi

0101000
+100 3 +98 0 -96 0 -95 0 *
Fa
0  1e-07 19 0

0101000
+94 0 *
Ve
1e-07
14.3696447676653 -15.7444839409687 0
0 0

0101101
*
Ed
 1e-07 1 1 0
1  29 0 0 26.365969
4 C0 21 4 20 4
0

0101000
+101 0 -92 0 *
Ve
1e-07
-14.3696447676653 -4.00876776612318e-15 -18.0538850177272
0 0

0101101
*
Ed
 1e-07 1 1 0
1  30 0 0 1
2  34 25 0 0 1
4 G1 21 0 25 0
0

0101000
+92 3 -90 0 *
Ed
 1e-07 1 1 0
1  31 0 0 26.365969
4 C0 21 0 22 0
0

0101000
+99 0 -90 0 *
Wi

0101000
+91 3 +89 0 -88 0 -98 0 *
Fa
0  1e-07 24 0

0101000
+87 0 *
Ve
1.00000000888178e-07
19.3449131008511 -10.7692156077829 0
0 0

0101101
*
Ed
 1e-07 1 1 0
1  32 0 4.71238898038469 6.28318530717959
2  35 25 4 4.71238898038469 6.28318530717959
4 C0 25 4 20 4
0

0101000
+92 0 -85 0 *
Ve
1e-07
-21.6543141776096 -2.39124622498263e-15 -10.7692156077829
0 0

0101101
*
Ed
 1e-07 1 1 0
1  33 0 0 1
2  36 25 0 0 1
2  37 26 0 0 1
4 G1 25 0 26 0
0

0101000
+85 3 -83 0 *
Ed
 1e-07 1 1 0
1  34 0 4.71238898038469 6.28318530717959
2  38 25 0 4.71238898038469 6.28318530717959
4 C0 25 0 22 0
0

0101000
+90 0 -83 0 *
Wi

0101000
+84 3 +82 0 -81 0 -89 0 *
Fa
0  1e-07 25 0

0101000
+80 0 *
Ve
1e-07
19.3449131008511 -9 0
0 0

0101101
*
Ed
 1e-07 1 1 0
1  35 0 0 1.76921560778289
2  39 26 4 0 1.76921560778289
4 C0 26 4 20 4
0

0101000
+85 0 -78 0 *
Ve
1e-07
-21.6543141776096 -1.485611394623e-15 -6.6905989232415
0 0

0101101
*
Ed
 1e-07 1 1 0
1  36 0 0 1
2  40 26 0 0 1
2  41 28 0 0 1
4 C0 26 0 28 0
0

0101000
+78 3 -76 0 *
Ed
 1e-07 1 1 0
1  37 0 -1.10675315020145e-63 4.0786166845414
2  42 26 0 -1.10675315020145e-63 4.0786166845414
4 C0 26 0 22 0
0

0101000
+83 0 -76 0 *
Wi

0101000
+77 3 +75 0 -74 0 -82 0 *
Fa
0  1e-07 27 0

0101000
+73 0 *
Ve
1e-07
14.3696447676653 -9 0
0 0

0101101
*
Ed
 1e-07 1 1 0
1  38 0 0 4.97526833318581
2  43 28 4 0 4.97526833318581
4 C0 28 4 20 4
0

0101000
+78 0 -71 0 *
Ve
1e-07
-12.0602436909068 -1.485611394623e-15 -6.6905989232415
0 0

0101101
*
Ed
 1e-07 1 1 0
1  39 0 0 1
2  44 28 0 0 1
2  45 30 0 0 1
4 C0 28 0 30 0
0

0101000
+71 3 -69 0 *
Ed
 1e-07 1 1 0
1  40 0 -2.3094010767585 7.28466940994432
2  46 28 0 -2.3094010767585 7.28466940994432
4 C0 28 0 22 0
0

0101000
+76 0 -69 0 *
Wi

0101000
+70 3 +68 0 -67 0 -75 0 *
Fa
0  1e-07 29 0

0101000
+66 0 *
Ve
1.00000000888178e-07
14.3696447676653 -10.7692156077829 0
0 0

0101101
*
Ed
 1e-07 1 1 0
1  41 0 0 1.76921560778289
2  47 30 4 0 1.76921560778289
4 C0 30 4 20 4
0

0101000
+64 0 -71 0 *
Ve
1e-07
-12.0602436909068 -1.87845617528035e-15 -8.45981453102439
0 0

0101101
*
Ed
 1e-07 1 1 0
1  42 0 0 1
2  48 30 0 0 1
2  49 32 0 0 1
4 C0 30 0 32 0
0

0101000
+64 3 -62 0 *
Ed
 1e-07 1 1 0
1  43 0 2.3094010767585 4.07861668454139
2  50 30 0 2.3094010767585 4.07861668454139
4 C0 30 0 22 0
0

0101000
+62 0 -69 0 *
Wi

0101000
-63 3 +61 0 +60 0 -68 0 *
Fa
0  1e-07 31 0

0101000
+59 0 *
Ve
1e-07
-16.5624123745044 -10.7692156077829 0
0 0

0101101
*
Ed
 1e-07 1 1 0
1  44 0 0 30.9320571421697
2  51 32 4 0 30.9320571421697
4 C0 32 4 20 4
0

0101000
+57 0 -64 0 *
Ve
1e-07
18.8718134512629 -1.87845617528035e-15 -8.45981453102439
0 0

0101101
*
Ed
 1e-07 1 1 0
1  45 0 0 1
2  52 32 0 0 1
2  53 23 0 0 1
4 C0 32 0 23 0
0

0101000
+57 3 -55 0 *
Ed
 1e-07 1 1 0
1  46 0 -2.3094010767585 28.6226560654112
2  54 32 0 -2.3094010767585 28.6226560654112
4 C0 32 0 22 0
0

0101000
+55 0 -62 0 *
Wi

0101000
-56 3 +54 0 +53 0 -61 0 *
Fa
0  1e-07 33 0

0101000
+52 0 *
Ed
 1e-07 1 1 0
1  47 0 0 0.409180191016102
2  55 23 4 0 0.409180191016102
4 C0 23 4 20 4
0

0101000
+102 0 -57 0 *
Ed
 1e-07 1 1 0
1  48 0 1.04458677861718e-63 2.71858126777461
2  56 23 0 1.04458677861718e-63 2.71858126777461
4 C0 23 0 22 0
0

0101000
+97 0 -55 0 *
Wi

0101000
-50 3 +95 0 +49 0 -54 0 *
Fa
0  1e-07 34 0

0101000
+48 0 *
Wi

0101100
+100 3 +91 3 +84 3 +77 3 +70 3 -63 3 -56 3 -50 3 *
Fa
0  1e-07 35 0

0101000
+46 0 *
Wi

0101100
+96 0 +88 0 +81 0 +74 0 +67 0 -60 0 -53 0 -49 0 *
Fa
0  1e-07 36 0

0111000
+44 0 *
Sh

0101100
+93 0 +86 0 +79 0 +72 0 +65 0 +58 0 +51 0 +47 0 -45 0 +43 0 
*
So

0100100
+42 0 *
Ve
1e-07
-5.799509 0 0
0 0

0101101
*
Ed
 1e-07 1 1 0
1  49 0 0 6.28318530717959
2  57 37 4 0 6.28318530717959
4 C0 37 4 38 4
0

0101100
+40 0 -40 0 *
Ve
1e-07
3.4901079232415 0 0
0 0

0101101
*
Ed
 1e-07 1 1 0
1  50 0 0 1
3  58 59CN 37 0 0 1
0

0101000
+40 3 -38 0 *
Ed
 1e-07 1 1 0
1  51 0 0 6.28318530717959
2  60 37 7 0 6.28318530717959
4 C0 37 7 39 7
0

0101000
+38 7 -38 7 *
Wi

0101000
+39 3 +37 0 -36 6 -37 0 *
Fa
0  1e-07 37 0

0101000
+35 0 *
Wi

0101100
+39 3 *
Fa
0  1e-07 40 0

0101000
+33 0 *
Wi

0101100
+36 6 *
Fa
0  1e-07 41 0

0101000
+31 0 *
Sh

0101100
+34 0 -32 0 +30 0 *
So

0100100
+29 0 *
Ve
1e-07
2.966387 0 0
0 0

0101101
*
Ed
 1e-07 1 1 0
1  52 0 0 6.28318530717959
2  61 42 4 0 6.28318530717959
4 C0 42 4 43 4
0

0101100
+27 0 -27 0 *
Ve
1e-07
-5.2757880767585 0 0
0 0

0101101
*
Ed
 1e-07 1 1 0
1  53 0 0 1
3  62 63CN 42 0 0 1
0

0101000
+27 3 -25 0 *
Ed
 1e-07 1 1 0
1  54 0 0 6.28318530717959
2  64 42 10 0 6.28318530717959
4 C0 42 10 44 10
0

0101000
+25 10 -25 10 *
Wi

0101000
+26 3 +24 0 -23 9 -24 0 *
Fa
0  1e-07 42 0

0101000
+22 0 *
Wi

0101100
+26 3 *
Fa
0  1e-07 45 0

0101000
+20 0 *
Wi

0101100
+23 9 *
Fa
0  1e-07 46 0

0101000
+18 0 *
Sh

0101100
+21 0 -19 0 +17 0 *
So

0100100
+16 0 *
Ve
1e-07
11.910602 -0.1561 0
0 0

0101101
*
Ed
 1e-07 1 1 0
1  55 0 0 6.28318530717959
2  65 47 4 0 6.28318530717959
4 C0 47 4 48 4
0

0101100
+14 0 -14 0 *
Ve
1e-07
-14.2200030767585 -3.46611628287974e-17 -0.1561
0 0

0101101
*
Ed
 1e-07 1 1 0
1  56 0 0 1
3  66 67CN 47 0 0 1
0

0101000
+14 3 -12 0 *
Ed
 1e-07 1 1 0
1  57 0 0 6.28318530717959
2  68 47 13 0 6.28318530717959
4 C0 47 13 49 13
0

0101000
+12 13 -12 13 *
Wi

0101000
+13 3 +11 0 -10 12 -11 0 *
Fa
0  1e-07 47 0

0101000
+9 0 *
Wi

0101100
+13 3 *
Fa
0  1e-07 50 0

0101000
+7 0 *
Wi

0101100
+10 12 *
Fa
0  1e-07 51 0

0101000
+5 0 *
Sh

0101100
+8 0 -6 0 +4 0 *
So

0100100
+3 0 *
Co

1100000
+103 0 +41 0 +28 0 +15 0 +2 0 *

+1 0 ]]>
      </Part>
      <ElementMap new="1" count="1"><Element key="Dummy" value="Dummy"/></ElementMap>
      <ElementMap2 count="124">
<![CDATA[
1030 PostfixCount 24
Edge
Face
Vertex
;:G;TRU;:H:7,E
;:G;TRU;:H:7,F
;:U;TRU;:H:7,E
;:U;TRU;:H:7,V
;:U2;TRU;:H:8,V
;:L#29f88;TRU;:H:d,F
;:L#29f87;TRU;:H:d,F
;RV;:H:3,E;:G;OFF
;RV;:H:3,E;:G;OFF;:U2;OFF
;RV;:H:3,E;:G;OFF;:U;OFF
;D1;:H:3,F
;D2;:H:3,F
;D1;:H:3,V
;D2;:H:3,V
;D3;:H:3,V
;:U;TRU;:H:7,V;:L;TRU;:H:15,F;:L;TRU;:H:24,F
;D1;:H:3,E
;D2;:H:3,E
;D3;:H:3,E
;D3;:H:3,F
;:U;TRU;:H:7,V;:L;TRU;:H:15,F

MapCount 2

ElementMap 1 1031 3

Edge

ChildCount 0

NameCount 25
0
$#8ea2.6 0
$#29e31.4 0
:1.1.b 0
$#8e9e.4 0
$#29e37.6 0
$#29e32.4 0
:1.2.b 0
$#29e38.6 0
$#29e33.4 0
:1.3.b 0
$#29e39.6 0
$#29f68.4 0
:1.4.b 0
$#29f78.6 0
$#29f69.4 0
:1.5.b 0
$#29f79.6 0
$#29f6a.4 0
:1.6.b 0
$#29f7a.6 0
$#29f6b.4 0
:1.7.b 0
$#29f7b.6 0
:1.8.b 0

Face

ChildCount 0

NameCount 11
0
$#8ea0.5 0
$#29e34.5 0
$#29e35.5 0
$#29e36.5 0
$#29f70.5 0
$#29f71.5 0
$#29f72.5 0
$#29f73.5 0
$#8ea6.a.29e37.29e38.29e39.29f78.29f79.29f7a.29f7b.29f87 0
$#8ea0.9.29f88 0

Vertex

ChildCount 0

NameCount 17
0
$#8ea4.7 0
$#8ea6.8 0
:1.1.c 0
:1.1.d 0
$#29e3a.7 0
:1.2.c 0
$#29e3b.7 0
:1.3.c 0
$#29e42.8 0
:1.4.c 0
$#29f80.7 0
:1.5.c 0
$#29f81.7 0
:1.6.c 0
$#29f82.7 0
:1.7.c 0

EndMap

ElementMap 2 1030 3

Edge

ChildCount 1
1 0 24 0 1 ;:H,E 0

NameCount 58
0
0
0
0
0
0
0
0
0
0
0
0
0
0
0
0
0
0
0
0
0
0
0
0
0
$#8ea2.6 0
$#29e31.4 0
:1.1.b 0
$#8e9e.4 0
$#29e37.6 0
$#29e32.4 0
:1.2.b 0
$#29e38.6 0
$#29e33.4 0
:1.3.b 0
$#29e39.6 0
$#29f68.4 0
:1.4.b 0
$#29f78.6 0
$#29f69.4 0
:1.5.b 0
$#29f79.6 0
$#2b59f.4 0
:1.6.b 0
$#29f7a.6 0
$#2b5a0.4 0
:1.7.b 0
$#29f7b.6 0
:1.8.b 0
$#8ea6.14 0
$#8ea4.14 0
$#8ea0.14 0
$#8ea6.15 0
$#8ea4.15 0
$#8ea0.15 0
$#8ea6.16 0
$#8ea4.16 0
$#8ea0.16 0

Face

ChildCount 1
1 0 10 0 1 ;:H,F 0

NameCount 30
0
0
0
0
0
0
0
0
0
0
0
$#8ea0.5 0
$#29e34.5 0
$#29e35.5 0
$#29e36.5 0
$#29f70.5 0
$#29f71.5 0
$#29f72.5 0
$#29f73.5 0
$#8ea6.a.29e37.29e38.29e39.29f78.29f79.29f7a.29f7b.29f87 0
$#8ea0.9.29f88 0
$#8ea2.e 0
$#8ea6.18 0
$#8ea0.13 0
$#8ea2.f 0
$#1fe1c.e 0
$#8ea8.e 0
$#8ea2.17 0
$#1fe1c.f 0
$#8ea8.f 0

Vertex

ChildCount 1
1 0 16 0 1 ;:H,V 0

NameCount 39
0
0
0
0
0
0
0
0
0
0
0
0
0
0
0
0
0
$#8ea4.7 0
$#8ea6.8 0
:1.1.c 0
:1.1.d 0
$#29e3a.7 0
:1.2.c 0
$#29e3b.7 0
:1.3.c 0
$#29e42.8 0
:1.4.c 0
$#29f80.7 0
:1.5.c 0
$#29fcf.7 0
:1.6.d 0
$#29fd0.7 0
:1.7.d 0
$#1fe1e.10 0
$#8e9e.10 0
$#1fe1e.11 0
$#8e9e.11 0
$#1fe1e.12 0
$#8e9e.12 0

EndMap
]]>
      </ElementMap2>
    </Property>
    <Property name="AddSubType" type="App::PropertyEnumeration">
      <Integer value="0"/>
    </Property>
    <Property name="AllowMultiFace" type="App::PropertyBool">
      <Bool value="true"/>
    </Property>
    <Property name="AlongSketchNormal" type="App::PropertyBool" status="4">
      <Bool value="false"/>
    </Property>
    <Property name="AutoTaperInnerAngle" type="App::PropertyBool">
      <Bool value="true"/>
    </Property>
    <Property name="BaseFeature" type="App::PropertyLink" status="8">
      <Link value="Pocket180"/>
    </Property>
    <Property name="CheckUpToFaceLimits" type="App::PropertyBool">
      <Bool value="true"/>
    </Property>
    <Property name="ClaimChildren" type="App::PropertyBool" status="134217728">
      <Bool value="false"/>
    </Property>
    <Property name="ColoredElements" type="App::PropertyLinkSubHidden" status="218103808">
      <LinkSub value="" count="0">
      </LinkSub>
    </Property>
    <Property name="Direction" type="App::PropertyVector" status="4">
      <PropertyVector valueX="0" valueY="1" valueZ="-2.220446049250313e-16"/>
    </Property>
    <Property name="ExpressionEngine" type="App::PropertyExpressionEngine" status="67108864">
      <ExpressionEngine count="0"></ExpressionEngine>
    </Property>
    <Property name="Fit" type="App::PropertyDistance">
      <Float value="0"/>
    </Property>
    <Property name="FitJoin" type="App::PropertyEnumeration">
      <Integer value="0"/>
    </Property>
    <Property name="FixShape" type="App::PropertyEnumeration">
      <Integer value="0"/>
    </Property>
    <Property name="InnerFit" type="App::PropertyDistance">
      <Float value="0"/>
    </Property>
    <Property name="InnerFitJoin" type="App::PropertyEnumeration">
      <Integer value="0"/>
    </Property>
    <Property name="InvalidShape" type="App::PropertyBool" status="67108864">
      <Bool value="false"/>
    </Property>
    <Property name="Label" type="App::PropertyString" status="134217728">
      <String value="Pad115"/>
    </Property>
    <Property name="Label2" type="App::PropertyString" status="128">
      <String value=""/>
    </Property>
    <Property name="Length" type="App::PropertyLength">
      <Float value="4"/>
    </Property>
    <Property name="Length2" type="App::PropertyLength">
      <Float value="100"/>
    </Property>
    <Property name="Linearize" type="App::PropertyBool">
      <Bool value="true"/>
    </Property>
    <Property name="Midplane" type="App::PropertyBool">
      <Bool value="false"/>
    </Property>
    <Property name="NewSolid" type="App::PropertyBool">
      <Bool value="false"/>
    </Property>
    <Property name="Offset" type="App::PropertyLength">
      <Float value="0"/>
    </Property>
    <Property name="Placement" type="App::PropertyPlacement" status="8388620">
      <PropertyPlacement Px="0" Py="0" Pz="0" Q0="0" Q1="0" Q2="0" Q3="1" A="0" Ox="0" Oy="0" Oz="1"/>
    </Property>
    <Property name="Profile" type="App::PropertyLinkSub">
      <LinkSub value="Sketch306" count="1">
        <Sub value=""/>
      </LinkSub>
    </Property>
    <Property name="ReferenceAxis" type="App::PropertyLinkSub">
      <LinkSub value="" count="0">
      </LinkSub>
    </Property>
    <Property name="Refine" type="App::PropertyBool">
      <Bool value="false"/>
    </Property>
    <Property name="Reversed" type="App::PropertyBool">
      <Bool value="false"/>
    </Property>
    <Property name="Shape" type="Part::PropertyPartShape">
      <Part HasherIndex="0" ElementMap="1.15.70200.4" brep="1">
<![CDATA[

CASCADE Topology V1, (c) Matra-Datavision
Locations 29
1
              1               0               0               0 
              0               1               0               0 
              0               0               1               0 
1
              1               0               0               0 
              0 2.22044604925031e-16              -1               0 
              0               1 2.22044604925031e-16               0 
2  1 1 2 1 0
1
              1               0               0               0 
              0               1               0              -6 
              0               0               1 1.33226762955019e-15 
2  1 1 2 1 4 1 0
1
              1               0               0               0 
              0               1               0               0 
              0               0               1               0 
1
             -1               0               0               0 
              0 2.22044604925031e-16               1               0 
              0               1 -2.22044604925031e-16               0 
2  6 1 7 1 0
2  7 -1 6 -1 0
1
              1               0               0               0 
              0               1               0               0 
              0               0               1               0 
1
             -1               0               0               0 
              0 2.22044604925031e-16               1               0 
              0               1 -2.22044604925031e-16               0 
2  10 1 11 1 0
2  11 -1 10 -1 0
1
              1               0               0              -0 
              0               1               0              -4 
              0               0               1 8.88178419700125e-16 
2  10 1 11 1 14 1 0
2  14 -1 11 -1 10 -1 0
1
