<?xml version='1.0' encoding='utf-8'?>
<!-- FreeCAD DocumentObject -->
<Document SchemaVersion="4" FileVersion="2">
<Object name="Pocket101">
  <Properties Count="43" TransientCount="2">
    <_Property name="_Body" type="App::PropertyLinkHidden" status="251658241"/>
    <_Property name="_ElementMapVersion" type="App::PropertyString" status="234881024"/>
    <Property name="AddSubShape" type="Part::PropertyPartShape">
      <Part HasherIndex="0" ElementMap="1.15.70200.4" brep="1">
<![CDATA[

CASCADE Topology V1, (c) Matra-Datavision
Locations 5
1
              1               0               0               0 
              0               1               0               0 
              0               0               1               0 
1
-2.22044604925031e-16 -1.11022302462516e-16               1              18 
              1 -1.11022302462516e-16 2.22044604925031e-16 2.1106523740795e-30 
1.11022302462516e-16               1 1.11022302462516e-16 5.99520433297584e-15 
2  1 1 2 1 0
1
              1               0               0              -5 
              0               1               0 -5.55111512312578e-16 
              0               0               1 -5.55111512312578e-16 
2  1 1 2 1 4 1 0
Curve2ds 0
Curves 10
1 18 7.8464477210414474 -5.463225316031485 -1 -1.1102230246251565e-16 -1.1102230246251565e-16 
1 17.999999999999996 7.6205217280799395 5.7741857681128828 -1 -1.1102230246251565e-16 -1.1102230246251565e-16 
1 7.8464477210414465 -5.4632253160314921 0 -0.020100746078492434 0.99979795959338102 0 
1 18 -3.1367062810815649 9.031868378083999 -1 -1.1102230246251565e-16 -1.1102230246251565e-16 
1 7.6205217280799404 5.7741857681128756 0 -0.95707583658778184 0.28983761491531346 0 
1 18.000000000000004 -9.5591128225115192 -0.19218412854036865 -1 -1.1102230246251565e-16 -1.1102230246251565e-16 
1 -3.1367062810815636 9.0318683780839937 0 -0.57140465074383073 -0.82066846235755941 0 
1 18 -2.7711503455253812 -9.150644701618484 -1 -1.1102230246251565e-16 -1.1102230246251565e-16 
1 -9.5591128225115192 -0.19218412854037314 0 0.60392834109827009 -0.79703861814738408 0 
1 -2.7711503455253821 -9.1506447016184893 0 0.94465289231194605 0.32807150599629187 0 
Polygon3D 0
PolygonOnTriangulations 0
Surfaces 6
1 18 7.8464477210414474 -5.463225316031485 -1.1323150258223098e-16 0.99979795959338102 0.020100746078492545 -1.0653660924968518e-16 -0.020100746078492545 0.99979795959338102 1 1.110671599128157e-16 1.0879112223132417e-16 
1 17.999999999999996 7.6205217280799395 5.7741857681128828 -1.3843520235735597e-16 0.28983761491531335 0.95707583658778184 1.8033508667028577e-16 -0.95707583658778184 0.28983761491531335 1 2.1271808281266873e-16 8.0225095703303388e-17 
1 18 -3.1367062810815645 9.031868378083999 2.7673842285938932e-17 -0.82066846235755952 0.57140465074383062 2.1798982217604801e-16 -0.57140465074383062 -0.82066846235755952 1 1.4727144780254155e-16 1.6308440998867834e-16 
1 18.000000000000004 -9.5591128225115192 -0.1921841285403682 1.5553857748936188e-16 -0.79703861814738408 -0.60392834109827032 -4.5609967363930544e-17 0.60392834109827032 -0.79703861814738408 1 1.5151540479837562e-16 5.7581249718440579e-17 
1 18 -2.7711503455253812 -9.150644701618484 6.8454285164293744e-17 0.32807150599629192 -0.94465289231194594 -2.4617833223274753e-16 0.94465289231194594 0.32807150599629192 1 2.1009517314244663e-16 1.454296346708498e-16 
1 18 5.1787640567937933e-13 1.4807396301547975e-12 1 2.670689739686651e-16 9.2751232974375617e-17 -2.670689739686651e-16 1 0 -9.2751232974375617e-17 -2.4770976624795115e-32 1 
Triangulations 0

TShapes 29
Ve
1.00000000444089e-07
7.84644772104145 -5.46322531603149 0
0 0

0101101
*
Ed
 1.00000000444089e-07 1 1 0
1  1 0 0 5
0

0101000
+29 3 -29 5 *
Ve
1e-07
7.62052172807994 5.77418576811288 0
0 0

0101101
*
Ed
 1e-07 1 1 0
1  2 0 0 5
0

0101000
+27 3 -27 5 *
Ed
 1e-07 1 1 0
1  3 0 0 11.2396819540566
0

0101000
+29 0 -27 0 *
Wi

0101100
+28 0 -26 0 -25 3 +25 5 *
Fa
0  1e-07 1 0

0111000
+24 0 *
Ve
1.00000000444089e-07
-3.13670628108156 9.03186837808399 0
0 0

0101101
*
Ed
 1.00000000444089e-07 1 1 0
1  4 0 0 5
0

0101000
+22 3 -22 5 *
Ed
 1e-07 1 1 0
1  5 0 0 11.2396819540589
0

0101000
+27 0 -22 0 *
Wi

0101100
+26 0 -21 0 -20 3 +20 5 *
Fa
0  1e-07 2 0

0111000
+19 0 *
Ve
1.00000000444089e-07
-9.55911282251152 -0.192184128540374 0
0 0

0101101
*
Ed
 1.00000000444089e-07 1 1 0
1  6 0 0 5
0

0101000
+17 3 -17 5 *
Ed
 1e-07 1 1 0
1  7 0 0 11.2396819540575
0

0101000
+22 0 -17 0 *
Wi

0101100
+21 0 -16 0 -15 3 +15 5 *
Fa
0  1e-07 3 0

0111000
+14 0 *
Ve
1e-07
-2.77115034552538 -9.15064470161849 0
0 0

0101101
*
Ed
 1e-07 1 1 0
1  8 0 0 5
0

0101000
+12 3 -12 5 *
Ed
 1e-07 1 1 0
1  9 0 0 11.2396819540575
0

0101000
+17 0 -12 0 *
Wi

0101100
+16 0 -11 0 -10 3 +10 5 *
Fa
0  1e-07 4 0

0111000
+9 0 *
Ed
 1e-07 1 1 0
1  10 0 0 11.2396819540575
0

0101000
+12 0 -29 0 *
Wi

0101100
+11 0 -28 0 -7 3 +7 5 *
Fa
0  1e-07 5 0

0111000
+6 0 *
Wi

0101100
+25 0 +20 0 +15 0 +10 0 +7 0 *
Fa
0  1e-07 6 0

0111000
+4 3 *
Sh

0101100
+23 0 +18 0 +13 0 +8 0 +5 0 +3 0 -3 4 *
So

1100000
+2 0 *

+1 0 ]]>
      </Part>
      <ElementMap new="1" count="1"><Element key="Dummy" value="Dummy"/></ElementMap>
      <ElementMap2 count="37">
<![CDATA[
790 PostfixCount 11
Edge
Face
Vertex
;:G;XTR;:H162f:7,F
;FAC;:H162f:4,F
;:G;XTR;:H162f:7,E
;:G0;XTR;:H162f:8,F
;:U;XTR;:H162f:7,E
;:U;XTR;:H162f:7,V
;SKT;:H162f,E
;SKT;:H162f,V

MapCount 1

ElementMap 1 790 3

Edge

ChildCount 0

NameCount 16
0
$#19dc6.6 0
$#19dc7.6 0
;g3.a 0
$#19dd2.8 0
$#19dc8.6 0
;g4.a 0
$#19dd3.8 0
$#19dc9.6 0
;g5.a 0
$#19dd4.8 0
$#19dca.6 0
;g6.a 0
$#19dd5.8 0
;g7.a 0
$#19dd6.8 0

Face

ChildCount 0

NameCount 8
0
$#19dc4.4 0
$#19dcb.4 0
$#19dcc.4 0
$#19dcd.4 0
$#19dce.4 0
$#19dc4.5 0
$#19dd0.7 0

Vertex

ChildCount 0

NameCount 11
0
;g3v1.b ;g7v2.b 0
$#19dd8.9 0
;g3v2.b ;g4v1.b 0
$#19dd9.9 0
;g4v2.b ;g5v1.b 0
$#19dda.9 0
;g5v2.b ;g6v1.b 0
$#19ddb.9 0
;g6v2.b ;g7v1.b 0
$#19ddc.9 0

EndMap
]]>
      </ElementMap2>
    </Property>
    <Property name="AddSubType" type="App::PropertyEnumeration">
      <Integer value="1"/>
    </Property>
    <Property name="AllowMultiFace" type="App::PropertyBool">
      <Bool value="true"/>
    </Property>
    <Property name="AutoTaperInnerAngle" type="App::PropertyBool">
      <Bool value="true"/>
    </Property>
    <Property name="BaseFeature" type="App::PropertyLink" status="8">
      <Link value="PolarPattern034"/>
    </Property>
    <Property name="CheckUpToFaceLimits" type="App::PropertyBool">
      <Bool value="true"/>
    </Property>
    <Property name="ClaimChildren" type="App::PropertyBool" status="134217728">
      <Bool value="false"/>
    </Property>
    <Property name="ColoredElements" type="App::PropertyLinkSubHidden" status="218103808">
      <LinkSub value="" count="0">
      </LinkSub>
    </Property>
    <Property name="ExpressionEngine" type="App::PropertyExpressionEngine" status="67108864">
      <ExpressionEngine count="0"></ExpressionEngine>
    </Property>
    <Property name="Fit" type="App::PropertyDistance">
      <Float value="0"/>
    </Property>
    <Property name="FitJoin" type="App::PropertyEnumeration">
      <Integer value="0"/>
    </Property>
    <Property name="FixShape" type="App::PropertyEnumeration">
      <Integer value="0"/>
    </Property>
    <Property name="InnerFit" type="App::PropertyDistance">
      <Float value="0"/>
    </Property>
    <Property name="InnerFitJoin" type="App::PropertyEnumeration">
      <Integer value="0"/>
    </Property>
    <Property name="InvalidShape" type="App::PropertyBool" status="67108864">
      <Bool value="false"/>
    </Property>
    <Property name="Label" type="App::PropertyString" status="134217728">
      <String value="Pocket101"/>
    </Property>
    <Property name="Label2" type="App::PropertyString" status="128">
      <String value=""/>
    </Property>
    <Property name="Length" type="App::PropertyLength">
      <Float value="5"/>
    </Property>
    <Property name="Length2" type="App::PropertyLength">
      <Float value="100"/>
    </Property>
    <Property name="Linearize" type="App::PropertyBool">
      <Bool value="true"/>
    </Property>
    <Property name="Midplane" type="App::PropertyBool">
      <Bool value="false"/>
    </Property>
    <Property name="NewSolid" type="App::PropertyBool">
      <Bool value="false"/>
    </Property>
    <Property name="Offset" type="App::PropertyLength">
      <Float value="0"/>
    </Property>
    <Property name="Placement" type="App::PropertyPlacement" status="8388620">
      <PropertyPlacement Px="0" Py="0" Pz="0" Q0="0" Q1="0" Q2="0" Q3="1" A="0" Ox="0" Oy="0" Oz="1"/>
    </Property>
    <Property name="Profile" type="App::PropertyLinkSub">
      <LinkSub value="Sketch186" count="1">
        <Sub value=""/>
      </LinkSub>
    </Property>
    <Property name="Refine" type="App::PropertyBool">
      <Bool value="false"/>
    </Property>
    <Property name="Reversed" type="App::PropertyBool">
      <Bool value="false"/>
    </Property>
    <Property name="Shape" type="Part::PropertyPartShape">
      <Part HasherIndex="0" ElementMap="1.15.70200.4" brep="1">
<![CDATA[

CASCADE Topology V1, (c) Matra-Datavision
Locations 79
1
              1               0               0               0 
              0               1               0               0 
              0               0               1               0 
1
              1               0               0               0 
              0               1               0               0 
              0               0               1               0 
2  1 1 2 1 0
1
              1               0               0               0 
              0               1               0               0 
              0               0               1               0 
1
              1               0               0               0 
              0               1               0               0 
              0               0               1               0 
2  4 1 5 1 0
1
              1               0               0               0 
              0               1               0               0 
              0               0               1               0 
1
              1               0               0               0 
              0 1.11022302462516e-16              -1               0 
              0               1 1.11022302462516e-16               0 
2  7 1 8 1 5 1 0
2  5 -1 8 -1 7 -1 0
1
              1               0               0               0 
              0               1               0               0 
              0               0               1               0 
1
              0 -3.33066907387547e-16               1               0 
              1 3.33066907387547e-16 1.10933564796705e-31               0 
-3.33066907387547e-16               1 3.33066907387547e-16               0 
1
              1               0               0              18 
              0               1               0 -5.99520433297584e-15 
              0               0               1 5.99520433297584e-15 
2  11 1 12 1 13 1 4 1 5 1 0
2  5 -1 4 -1 13 -1 12 -1 11 -1 0
1
              1               0               0               0 
              0               1               0               0 
              0               0               1               0 
1
-2.22044604925031e-16 -1.11022302462516e-16               1              18 
              1 -1.11022302462516e-16 2.22044604925031e-16 2.1106523740795e-30 
1.11022302462516e-16               1 1.11022302462516e-16 5.99520433297584e-15 
2  16 1 17 1 0
2  17 -1 16 -1 0
1
              1               0               0 -133.702028406453 
              0               1               0 -1.48439070375931e-14 
              0               0               1 -1.48439070375931e-14 
2  20 -1 17 -1 16 -1 0
2  13 1 4 1 5 1 1 1 2 1 0
2  11 1 12 1 13 1 4 1 5 1 1 1 2 1 0
2  16 1 17 1 1 1 2 1 0
1
              1               0               0               0 
              0               1               0               0 
              0               0               1               0 
1
-2.22044604925031e-16 -1.11022302462516e-16               1              18 
              1 -1.11022302462516e-16 2.22044604925031e-16 2.1106523740795e-30 
1.11022302462516e-16               1 1.11022302462516e-16 5.99520433297584e-15 
1
              1               0               0               0 
              0               1               0               0 
              0               0               1               0 
1
              1               0               0               0 
              0 -0.809016994374947 -0.587785252292473               0 
              0 0.587785252292473 -0.809016994374947               0 
2  25 1 26 1 27 1 28 1 2 1 0
2  26 -1 25 -1 0
1
              1               0               0              -5 
              0               1               0 -5.55111512312578e-16 
              0               0               1 -5.55111512312578e-16 
2  31 -1 26 -1 25 -1 0
2  28 -1 27 -1 26 -1 25 -1 0
1
              1               0               0               0 
              0 -0.809016994374947 0.587785252292473               0 
              0 -0.587785252292473 -0.809016994374947               0 
2  25 1 26 1 27 1 34 1 2 1 0
2  34 -1 27 -1 26 -1 25 -1 0
1
              1               0               0               0 
              0 0.309016994374947 0.951056516295154               0 
              0 -0.951056516295154 0.309016994374947               0 
2  25 1 26 1 27 1 37 1 2 1 0
2  37 -1 27 -1 26 -1 25 -1 0
1
              1               0               0               0 
              0               1               0               0 
              0               0               1               0 
1
-2.22044604925031e-16 -1.11022302462516e-16               1              18 
              1 -1.11022302462516e-16 2.22044604925031e-16 2.1106523740795e-30 
1.11022302462516e-16               1 1.11022302462516e-16 5.99520433297584e-15 
2  40 1 41 1 0
2  41 -1 40 -1 0
1
              1               0               0               0 
              0 0.309016994374947 -0.951056516295154               0 
              0 0.951056516295154 0.309016994374947               0 
2  25 1 26 1 27 1 44 1 2 1 0
2  44 -1 27 -1 26 -1 25 -1 0
2  25 1 26 1 1 1 2 1 0
1
              1               0               0               0 
              0              -1 -1.22464679914735e-16               0 
              0 1.22464679914735e-16              -1               0 
2  7 1 48 1 5 1 0
2  5 -1 4 -1 0
1
              1               0               0               0 
              0 -2.22044604925031e-16               1               0 
              0              -1 -2.22044604925031e-16               0 
2  7 1 51 1 5 1 0
2  5 -1 51 -1 7 -1 0
2  5 -1 48 -1 7 -1 0
2  27 1 28 1 0
2  28 -1 27 -1 0
2  25 1 26 1 31 1 0
2  25 1 26 1 27 1 28 1 0
2  25 1 26 1 31 1 27 1 28 1 0
2  27 1 34 1 0
2  34 -1 27 -1 0
2  25 1 26 1 27 1 34 1 0
2  25 1 26 1 31 1 27 1 34 1 0
2  27 1 37 1 0
2  37 -1 27 -1 0
2  25 1 26 1 27 1 37 1 0
2  25 1 26 1 31 1 27 1 37 1 0
1
              1               0               0              -5 
              0               1               0 -5.55111512312578e-16 
              0               0               1 -5.55111512312578e-16 
2  40 1 41 1 68 1 0
2  27 1 44 1 0
2  44 -1 27 -1 0
2  25 1 26 1 27 1 44 1 0
2  25 1 26 1 31 1 27 1 44 1 0
2  25 1 26 1 0
2  31 1 27 1 28 1 2 1 0
2  31 1 27 1 34 1 2 1 0
2  31 1 27 1 37 1 2 1 0
2  31 1 27 1 44 1 2 1 0
2  31 1 1 1 2 1 0
Curve2ds 78
8 -14.57499999999999 6.0000000701165845e-07
1 29.500000000000004 -17.999999999999996 2.2204460492503126e-16 -1 
8 -14.57499999999999 6.0000000701165845e-07
1 1.1717353782187623 -6.4115379672102767e-15 0 1 
8 -14.574999999999998 6.0000000345894478e-07
1 11.999999999999996 -18.000000000000004 2.2204460492503126e-16 -1 
8 -14.574999999999998 6.0000000345894478e-07
1 1.9698572753710302 -3.1918911957973219e-15 0 1 
3 29.344931419241725 -20.749999999999989 -1 -7.8504622934188687e-16 7.8504622934188687e-16 -1 31.847291878588369 22.519436049777092
7 0 0  5 6 2  1.1970705519619083 -13.034999999999986  1.1486883488789279 -13.432776379850646  1.1003061457959511 -13.89189721284572  1.0519239427129676 -14.41042344618333  1.0035417396299868 -14.985814096224043  0.95515953654700658 -15.614999999999982 
 0.37372577483298736 6 0.61563679024788898 6
3 29.344931419241725 -20.749999999999989 -1 -7.8504622934188687e-16 7.8504622934188687e-16 -1 31.847291878588369 22.519436049777092
7 0 0  5 6 2  2.1864331170427862 -15.615000000000006  2.1380509139598058 -14.985814096224065  2.089668710876829 -14.410423446183302  2.0412865077938456 -13.891897212845691  1.9929043047108645 -13.432776379850656  1.9445221016278842 -13.034999999999993 
 5.6675485169316957 6 5.9094595323465979 6
1 0 0 1 0 
1 0 -133.70202840645314 1 0 
8 -17.379999999999988 -15.219999999999986
1 -15.399999999999988 -33.44507778629184 -1 -5.5511151231257788e-16 
8 -17.379999999999988 -15.219999999999986
1 0.97189094474804527 1.3311746785520015e-15 0 1 
3 26.304372260139555 -20.749999999999982 -1 -7.8504622934188716e-16 7.8504622934188716e-16 -1 31.847291878588347 22.519436049777092
7 0 0  5 6 2  0.97822200491434808 -17.11999999999998  0.96372359652311446 -17.302347445474652  0.94922518813188539 -17.489603150670035  0.93472677974064666 -17.681687261669651  0.92022837134941338 -17.878515623281753  0.90572996295817976 -18.079999999999984 
 0.59257432188054748 6 0.6650663638367158 6
2 4.6816633568530656e-15 3.9968028886505604e-15 1.1102230246251573e-16 -1 1 1.1102230246251573e-16 22.519436049777092
1 0 -18 1 0 
3 26.304372260139566 -20.749999999999989 -1 -3.1401849173675449e-16 3.1401849173675449e-16 -1 31.847291878588347 22.519436049777092
7 0 0  5 6 2  0.66506636383671547 -18.079999999999991  0.65056795544548185 -17.878515623281761  0.6360695470542499 -17.681687261669623  0.62157113866301206 -17.489603150670007  0.60707273027178121 -17.302347445474663  0.59257432188054759 -17.11999999999999 
 5.6181189433428704 6 5.6906109852990383 6
8 -17.379999999999999 -15.219999999999999
1 -15.399999999999999 -8.0549222137081813 -1 -2.2204460492503096e-16 
8 -17.379999999999999 -15.219999999999999
1 0.59890538204684984 5.5394664173804366e-15 0 1 
3 29.344931419241739 -20.749999999999993 -1 -3.1401849173675429e-16 3.1401849173675429e-16 -1 31.847291878588369 22.519436049777092
7 0 0  5 6 2  0.6156367902478892 -15.615  0.56725458716490873 -14.985814096224059  0.5188723840819307 -14.410423446183358  0.47049018099894901 -13.891897212845691  0.42210797791596744 -13.432776379850653  0.37372577483298697 -13.034999999999991 
 5.6675485169316966 6 5.9094595323465988 6
8 -14.575000000000005 5.9999998569537638e-07
1 11.99999999999998 -18.000000000000011 2.2204460492503106e-16 -1 
8 -14.575000000000005 5.9999998569537638e-07
1 0.39906094857613433 1.2684298056342413e-14 0 1 
1 0 0 1 0 
1 0 -5 1 0 
8 -14.575000000000006 6.0000001056437213e-07
1 29.499999999999986 -17.999999999999996 -2.2204460492503106e-16 -1 
8 -14.575000000000006 6.0000001056437213e-07
1 2.7425317050136595 -1.074140776324839e-14 0 1 
3 29.344931419241718 -20.75 -1 -6.2803698347350997e-16 6.2803698347350997e-16 -1 31.847291878588358 22.519436049777092
7 0 0  5 6 2  2.7678668787568053 -13.034999999999989  2.7194846756738249 -13.432776379850649  2.671102472590853 -13.891897212845691  2.6227202695078624 -14.410423446183302  2.5743380664248838 -14.98581409622405  2.5259558633419035 -15.614999999999988 
 0.37372577483298725 6 0.61563679024788887 6
8 -17.379999999999988 -15.21999999999999
1 -15.399999999999991 -33.445077786291833 -1 -4.4408920985006252e-16 
8 -17.379999999999988 -15.21999999999999
1 2.5426872715429423 -2.7205928858307247e-15 0 1 
3 26.304372260139552 -20.749999999999996 -1 -6.2803698347351007e-16 6.2803698347351007e-16 -1 31.847291878588337 22.519436049777092
7 0 0  5 6 2  2.5490183317092447 -17.119999999999987  2.5345199233180109 -17.302347445474659  2.5200215149267855 -17.489603150670064  2.5055231065355414 -17.681687261669623  2.4910246981443103 -17.878515623281764  2.4765262897530764 -18.079999999999995 
 0.59257432188054748 6 0.6650663638367158 6
2 4.6816633568530656e-15 3.9968028886505604e-15 1.1102230246251573e-16 -1 1 1.1102230246251573e-16 22.519436049777092
1 0 -18 1 0 
3 26.304372260139555 -20.749999999999982 -1 -7.8504622934188716e-16 7.8504622934188716e-16 -1 31.847291878588347 22.519436049777092
7 0 0  5 6 2  2.2358626906316124 -18.079999999999998  2.221364282240379 -17.878515623281768  2.2068658738491571 -17.681687261669651  2.1923674654579095 -17.489603150670092  2.1778690570666779 -17.30234744547467  2.1633706486754445 -17.119999999999997 
 5.6181189433428695 6 5.6906109852990374 6
8 -17.380000000000003 -15.220000000000002
1 -15.400000000000002 -8.0549222137081777 -1 -5.5511151231257788e-16 
8 -17.380000000000003 -15.220000000000002
1 2.169701708841747 2.7988549730535851e-15 0 1 
2 4.6816633568530656e-15 3.9968028886505604e-15 1.1102230246251573e-16 -1 1 1.1102230246251573e-16 22.519436049777092
1 0 -18 1 0 
2 4.6816633568530656e-15 3.9968028886505604e-15 1.1102230246251573e-16 -1 1 1.1102230246251573e-16 22.519436049777092
1 0 -18 1 0 
3 26.304372260139566 -20.749999999999989 -1 -3.1401849173675449e-16 3.1401849173675449e-16 -1 31.847291878588347 22.519436049777092
7 0 0  5 6 2  5.6906109852990383 -17.119999999999987  5.6761125769078049 -17.302347445474659  5.6616141685165715 -17.489603150670007  5.6471157601253452 -17.68168726166968  5.6326173517341029 -17.878515623281757  5.6181189433428695 -18.079999999999988 
 0.59257432188054759 6 0.66506636383671569 6
8 -17.379999999999988 -15.21999999999999
1 -15.399999999999991 -33.445077786291826 -1 -2.2204460492503096e-16 
8 -17.379999999999988 -15.21999999999999
1 5.6842799251327358 2.7205928858307255e-15 0 1 
3 29.344931419241739 -20.749999999999993 -1 -3.1401849173675429e-16 3.1401849173675429e-16 -1 31.847291878588369 22.519436049777092
7 0 0  5 6 2  5.9094595323465988 -13.034999999999986  5.861077329263618 -13.432776379850646  5.8126951261806497 -13.891897212845748  5.7643129230976555 -14.410423446183302  5.7159307200146774 -14.985814096224049  5.6675485169316966 -15.614999999999988 
 0.37372577483298702 6 0.61563679024788898 6
8 -14.574999999999999 5.9999998924809006e-07
1 29.500000000000021 -18.000000000000004 2.2204460492503106e-16 -1 
8 -14.574999999999999 5.9999998924809006e-07
1 5.8841243586034508 1.0741407763248383e-14 0 1 
8 -14.574999999999999 6.0000001411708581e-07
1 12.000000000000012 -17.999999999999989 -2.2204460492503106e-16 -1 
8 -14.574999999999999 6.0000001411708581e-07
1 3.5406536021659258 -1.2684298056342413e-14 0 1 
8 -14.575000000000014 5.9999999280080374e-07
1 29.500000000000004 -18.000000000000004 -2.2204460492503126e-16 -1 
8 -14.575000000000014 5.9999999280080374e-07
1 4.3133280318085552 6.4115379672102767e-15 0 1 
3 29.344931419241732 -20.750000000000004 -1 -1.5700924586837739e-16 1.5700924586837739e-16 -1 31.847291878588358 22.519436049777092
7 0 0  5 6 2  4.3386632055517023 -13.034999999999989  4.2902810024687215 -13.432776379850649  4.2418987993857442 -13.89189721284572  4.1935165963027714 -14.410423446183273  4.1451343932197808 -14.985814096224054  4.0967521901368 -15.614999999999993 
 0.37372577483298675 6 0.61563679024788864 6
8 -17.379999999999995 -15.219999999999994
1 -15.399999999999995 -33.445077786291819 -1 -1.1102230246251549e-16 
8 -17.379999999999995 -15.219999999999994
1 4.1134835983378393 -1.3311746785519991e-15 0 1 
3 26.304372260139559 -20.75 -1 -1.5700924586837722e-16 1.5700924586837722e-16 -1 31.847291878588337 22.519436049777092
7 0 0  5 6 2  4.1198146585041409 -17.11999999999999  4.1053162501129075 -17.302347445474663  4.0908178417216803 -17.489603150670064  4.0763194333304398 -17.681687261669623  4.0618210249392064 -17.878515623281761  4.047322616547973 -18.079999999999991 
 0.59257432188054771 6 0.6650663638367158 6
3 26.304372260139552 -20.749999999999996 -1 -6.2803698347351007e-16 6.2803698347351007e-16 -1 31.847291878588337 22.519436049777092
7 0 0  5 6 2  3.8066590174265089 -18.080000000000013  3.7921606090352755 -17.878515623281782  3.7776622006440448 -17.681687261669708  3.7631637922528114 -17.489603150670035  3.7486653838615744 -17.302347445474684  3.734166975470341 -17.120000000000012 
 5.6181189433428695 6 5.6906109852990374 6
8 -17.379999999999999 -15.219999999999999
1 -15.399999999999999 -8.0549222137081919 -1 -4.4408920985006252e-16 
8 -17.379999999999999 -15.219999999999999
1 3.7404980356366426 -5.5394664173804374e-15 0 1 
3 29.344931419241718 -20.75 -1 -6.2803698347350997e-16 6.2803698347350997e-16 -1 31.847291878588358 22.519436049777092
7 0 0  5 6 2  3.7572294438376819 -15.615000000000004  3.7088472407547015 -14.985814096224065  3.6604650376717203 -14.41042344618333  3.6120828345887546 -13.89189721284572  3.5637006315057609 -13.432776379850663  3.5153184284227805 -13.035000000000002 
 5.6675485169316966 6 5.9094595323465979 6
3 26.304372260139559 -20.75 -1 -1.5700924586837722e-16 1.5700924586837722e-16 -1 31.847291878588337 22.519436049777092
7 0 0  5 6 2  5.3774553442214046 -18.079999999999998  5.3629569358301712 -17.878515623281768  5.3484585274389573 -17.681687261669623  5.3339601190477026 -17.489603150670064  5.319461710656471 -17.30234744547467  5.3049633022652376 -17.119999999999997 
 5.6181189433428704 6 5.6906109852990383 6
8 -17.379999999999995 -15.219999999999995
1 -15.399999999999995 -8.0549222137081991 -1 -1.1102230246251549e-16 
8 -17.379999999999995 -15.219999999999995
1 5.3112943624315383 -2.7988549730535914e-15 0 1 
3 29.344931419241732 -20.750000000000004 -1 -1.5700924586837739e-16 1.5700924586837739e-16 -1 31.847291878588358 22.519436049777092
7 0 0  5 6 2  5.3280257706325784 -15.614999999999998  5.2796435675495985 -14.985814096224061  5.2312613644666257 -14.410423446183273  5.1828791613836387 -13.891897212845777  5.1344969583006561 -13.43277637985066  5.0861147552176762 -13.035 
 5.6675485169316975 6 5.9094595323465988 6
8 -14.575000000000006 5.9999999635351742e-07
1 11.999999999999996 -17.999999999999996 -2.2204460492503126e-16 -1 
8 -14.575000000000006 5.9999999635351742e-07
1 5.1114499289608233 3.1918911957973219e-15 0 1 
1 1.9547687622336496 0 0 -1 
1 3.1255842638648117 0 0 -1 
Curves 63
1 4.7499999999999982 20.750000000000007 20.749999999999996 3.3306690738754672e-16 -3.3306690738754681e-16 -1 
1 17.999999999999989 8.7500000000000107 20.750000000000004 1 2.2204460492503128e-16 1.110223024625157e-16 
1 -20.75 20.75 0 1 0 0 
1 17.999999999999996 -8.7499999999999964 20.750000000000011 1 2.2204460492503128e-16 1.110223024625157e-16 
1 2.5999999999999988 18.600000000000009 20.749999999999996 3.3306690738754672e-16 -3.3306690738754681e-16 -1 
3 -16 -7.5495165674510613e-15 2.2204460492503083e-15 -0.70710678118654746 5.4953236053932098e-16 0.70710678118654768 0.70710678118654768 8.6355085227607557e-16 0.70710678118654746 -2.2204460492503116e-16 1 -9.992007221626401e-16 31.847291878588369 22.519436049777092
3 -16 -7.5495165674510613e-15 2.2204460492503083e-15 -0.70710678118654746 5.4953236053932098e-16 0.70710678118654768 0.70710678118654768 8.6355085227607557e-16 0.70710678118654746 -2.2204460492503116e-16 1 -9.992007221626401e-16 31.847291878588369 22.519436049777092
2 0 0 0 0 0 1 1 0 -0 -0 1 0 22.519436049777092
1 17.999999999999996 12.695077786291838 18.599999999999994 1 2.2204460492503128e-16 1.110223024625157e-16 
3 -17.799999999999976 -7.9491968563161123e-15 2.0206059048177829e-15 -0.70710678118654791 5.4953236053932098e-16 0.70710678118654724 0.70710678118654724 8.6355085227607626e-16 0.70710678118654791 -2.2204460492503096e-16 1 -9.9920072216264069e-16 31.847291878588347 22.519436049777092
2 0 -3.9968028886505604e-15 3.9968028886505596e-15 1 2.2204460492503128e-16 1.110223024625157e-16 -2.2204460492503131e-16 1 1.1102230246251565e-16 -1.1102230246251568e-16 -1.1102230246251568e-16 1 22.519436049777092
3 -17.799999999999983 -7.9491968563161139e-15 2.0206059048177821e-15 -0.70710678118654791 0.70710678118654724 -4.7102773760513218e-16 0.70710678118654724 0.70710678118654791 -3.1401849173675479e-16 1.1102230246251583e-16 -5.5511151231257778e-16 -1 31.847291878588347 22.519436049777092
1 18 18.600000000000005 12.69507778629182 1 2.2204460492503128e-16 1.110223024625157e-16 
3 -16.000000000000007 -7.5495165674510629e-15 2.2204460492503076e-15 -0.70710678118654746 0.70710678118654768 -4.7102773760513228e-16 0.70710678118654768 0.70710678118654746 -3.1401849173675439e-16 1.1102230246251585e-16 -5.5511151231257768e-16 -1 31.847291878588369 22.519436049777092
1 18.000000000000007 20.749999999999996 8.7500000000000178 1 2.2204460492503128e-16 1.110223024625157e-16 
1 -20.75 -20.75 0 0 1 0 
1 20.75 20.75 0 0 -1 0 
1 20.75 -20.75 0 -1 0 0 
2 -3.4735512759065762e-30 3.5493034939396561e-30 0 0 0 1 1 0 -0 -0 1 0 19.552505292504851
1 -7.3244974003718415 18.128767223542155 0 0.37460659341591251 -0.92718385456678731 0 
1 -19.550000000000001 0.31299075614171934 0 1 0 0 
1 -10.675363357711197 0.31299075614171934 0 0.57140465074397928 0.82066846235745594 0 
1 7.8464477210414465 -5.4632253160314921 0 -0.020100746078492434 0.99979795959338102 0 
1 7.6205217280799404 5.7741857681128756 0 -0.95707583658778184 0.28983761491531346 0 
1 -3.1367062810815636 9.0318683780839937 0 -0.57140465074383073 -0.82066846235755941 0 
1 -9.5591128225115192 -0.19218412854037314 0 0.60392834109827009 -0.79703861814738408 0 
1 -2.7711503455253821 -9.1506447016184893 0 0.94465289231194605 0.32807150599629187 0 
1 17.999999999999993 -20.750000000000004 8.75 1 2.2204460492503128e-16 1.110223024625157e-16 
3 -15.999999999999993 -7.5495165674510597e-15 2.2204460492503091e-15 -0.70710678118654746 -0.70710678118654768 5.5762334322868163e-16 0.70710678118654768 -0.70710678118654746 7.1463258909705932e-16 -1.1102230246251595e-16 8.9962079715234473e-16 1 31.847291878588358 22.519436049777092
1 18 -18.599999999999994 12.695077786291835 1 2.2204460492503128e-16 1.110223024625157e-16 
3 -17.799999999999976 -7.9491968563161123e-15 2.0206059048177829e-15 -0.70710678118654791 -0.70710678118654724 5.5762334322868143e-16 0.70710678118654724 -0.70710678118654791 7.1463258909705981e-16 -1.1102230246251583e-16 8.9962079715234492e-16 1 31.847291878588337 22.519436049777092
2 0 -3.9968028886505604e-15 3.9968028886505596e-15 1 2.2204460492503128e-16 1.110223024625157e-16 -2.2204460492503131e-16 1 1.1102230246251565e-16 -1.1102230246251568e-16 -1.1102230246251568e-16 1 22.519436049777092
3 -17.799999999999976 -7.9491968563161123e-15 2.0206059048177829e-15 -0.70710678118654791 5.4953236053932098e-16 0.70710678118654724 0.70710678118654724 8.6355085227607626e-16 0.70710678118654791 -2.2204460492503096e-16 1 -9.9920072216264069e-16 31.847291878588347 22.519436049777092
1 18.000000000000004 -12.69507778629182 18.600000000000009 1 2.2204460492503128e-16 1.110223024625157e-16 
1 0.79999999999999893 18.600000000000009 20.749999999999993 3.3306690738754672e-16 -3.3306690738754681e-16 -1 
1 -1.0894063429134317e-15 17.800000000000004 20.749999999999993 3.3306690738754672e-16 -3.3306690738754681e-16 -1 
2 0 -3.9968028886505604e-15 3.9968028886505596e-15 1 2.2204460492503128e-16 1.110223024625157e-16 -2.2204460492503131e-16 1 1.1102230246251565e-16 -1.1102230246251568e-16 -1.1102230246251568e-16 1 22.519436049777092
2 0 -3.9968028886505604e-15 3.9968028886505596e-15 1 2.2204460492503128e-16 1.110223024625157e-16 -2.2204460492503131e-16 1 1.1102230246251565e-16 -1.1102230246251568e-16 -1.1102230246251568e-16 1 22.519436049777092
3 -17.799999999999983 -7.9491968563161139e-15 2.0206059048177821e-15 -0.70710678118654791 0.70710678118654724 -4.7102773760513218e-16 0.70710678118654724 0.70710678118654791 -3.1401849173675479e-16 1.1102230246251583e-16 -5.5511151231257778e-16 -1 31.847291878588347 22.519436049777092
1 18 18.599999999999998 -12.69507778629182 1 2.2204460492503128e-16 1.110223024625157e-16 
3 -16.000000000000007 -7.5495165674510629e-15 2.2204460492503076e-15 -0.70710678118654746 0.70710678118654768 -4.7102773760513228e-16 0.70710678118654768 0.70710678118654746 -3.1401849173675439e-16 1.1102230246251585e-16 -5.5511151231257768e-16 -1 31.847291878588369 22.519436049777092
1 18.000000000000007 20.749999999999989 -8.7500000000000213 1 2.2204460492503128e-16 1.110223024625157e-16 
1 17.999999999999993 -20.750000000000011 -8.7499999999999751 1 2.2204460492503128e-16 1.110223024625157e-16 
1 18.000000000000011 -8.7500000000000107 -20.749999999999989 1 2.2204460492503128e-16 1.110223024625157e-16 
3 -16 -7.5495165674510613e-15 2.2204460492503083e-15 -0.70710678118654746 -6.2803698347350977e-16 -0.70710678118654768 0.70710678118654768 -3.1401849173675479e-16 -0.70710678118654746 2.2204460492503121e-16 -1 6.6613381477509363e-16 31.847291878588358 22.519436049777092
1 18.000000000000004 -12.69507778629182 -18.599999999999994 1 2.2204460492503128e-16 1.110223024625157e-16 
3 -17.799999999999976 -7.9491968563161123e-15 2.0206059048177829e-15 -0.70710678118654791 -6.2803698347350957e-16 -0.70710678118654724 0.70710678118654724 -3.1401849173675513e-16 -0.70710678118654791 2.2204460492503116e-16 -1 6.6613381477509353e-16 31.847291878588337 22.519436049777092
3 -17.799999999999976 -7.9491968563161123e-15 2.0206059048177829e-15 -0.70710678118654791 -0.70710678118654724 5.5762334322868143e-16 0.70710678118654724 -0.70710678118654791 7.1463258909705981e-16 -1.1102230246251583e-16 8.9962079715234492e-16 1 31.847291878588337 22.519436049777092
1 18 -18.600000000000009 -12.695077786291806 1 2.2204460492503128e-16 1.110223024625157e-16 
3 -15.999999999999993 -7.5495165674510597e-15 2.2204460492503091e-15 -0.70710678118654746 -0.70710678118654768 5.5762334322868163e-16 0.70710678118654768 -0.70710678118654746 7.1463258909705932e-16 -1.1102230246251595e-16 8.9962079715234473e-16 1 31.847291878588358 22.519436049777092
3 -17.799999999999976 -7.9491968563161123e-15 2.0206059048177829e-15 -0.70710678118654791 -6.2803698347350957e-16 -0.70710678118654724 0.70710678118654724 -3.1401849173675513e-16 -0.70710678118654791 2.2204460492503116e-16 -1 6.6613381477509353e-16 31.847291878588337 22.519436049777092
1 17.999999999999996 12.695077786291799 -18.600000000000009 1 2.2204460492503128e-16 1.110223024625157e-16 
3 -16 -7.5495165674510613e-15 2.2204460492503083e-15 -0.70710678118654746 -6.2803698347350977e-16 -0.70710678118654768 0.70710678118654768 -3.1401849173675479e-16 -0.70710678118654746 2.2204460492503121e-16 -1 6.6613381477509363e-16 31.847291878588358 22.519436049777092
1 18.000000000000004 8.7499999999999964 -20.749999999999996 1 2.2204460492503128e-16 1.110223024625157e-16 
1 18 -7.3244974003718433 18.128767223542162 -1 -1.1102230246251565e-16 -1.1102230246251565e-16 
1 18.000000000000004 -19.550000000000001 0.31299075614172273 -1 -1.1102230246251565e-16 -1.1102230246251565e-16 
1 18 -4.0000000000000009 9.900347413665175 -1 -1.1102230246251565e-16 -1.1102230246251565e-16 
1 18.000000000000004 -10.675363357711197 0.31299075614172417 -1 -1.1102230246251565e-16 -1.1102230246251565e-16 
1 18 7.8464477210414474 -5.463225316031485 -1 -1.1102230246251565e-16 -1.1102230246251565e-16 
1 17.999999999999996 7.6205217280799395 5.7741857681128828 -1 -1.1102230246251565e-16 -1.1102230246251565e-16 
1 18 -3.1367062810815649 9.031868378083999 -1 -1.1102230246251565e-16 -1.1102230246251565e-16 
1 18.000000000000004 -9.5591128225115192 -0.19218412854036865 -1 -1.1102230246251565e-16 -1.1102230246251565e-16 
1 18 -2.7711503455253812 -9.150644701618484 -1 -1.1102230246251565e-16 -1.1102230246251565e-16 
Polygon3D 0
PolygonOnTriangulations 0
Surfaces 20
1 -6.9111383282915963e-15 -20.749999999999993 20.750000000000007 -3.3306690738754672e-16 3.3306690738754681e-16 1 0 1 -3.3306690738754681e-16 -1 -1.1093356479670465e-31 -3.3306690738754672e-16 
2 18 2.1106523740795018e-30 5.9952043329758422e-15 1 2.2204460492503128e-16 1.110223024625157e-16 -2.2204460492503131e-16 1 1.1102230246251565e-16 -1.1102230246251568e-16 -1.1102230246251568e-16 1 22.519436049777092
1 4.7499999999999982 20.750000000000007 20.749999999999996 -0.70710678118654746 0.70710678118654768 -4.7102773760513218e-16 -0.70710678118654768 -0.70710678118654746 0 -3.3306690738754672e-16 3.3306690738754681e-16 1 
1 2.5999999999999988 18.600000000000009 20.749999999999996 0 1 -3.3306690738754681e-16 -1 -1.1093356479670465e-31 -3.3306690738754672e-16 -3.3306690738754672e-16 3.3306690738754681e-16 1 
1 0.79999999999999893 18.600000000000009 20.749999999999993 -0.70710678118654791 0.70710678118654724 -4.7102773760513218e-16 -0.70710678118654724 -0.70710678118654791 2.4651903288156615e-31 -3.3306690738754667e-16 3.3306690738754672e-16 1 
1 -3.0413914418159493e-31 0 -6.8486046820250624e-16 1 1.1725846522663899e-31 3.3306690738754676e-16 -3.3306690738754676e-16 0 1 1.1725846522663899e-31 -1 3.9054914378046843e-47 
1 -6.9111383282915963e-15 20.750000000000007 20.749999999999993 3.3306690738754691e-16 1 -3.3306690738754672e-16 3.3306690738754681e-16 -3.3306690738754681e-16 -1 -1 3.3306690738754681e-16 -3.3306690738754691e-16 
2 18 -1.3628989018270751e-30 5.9952043329758453e-15 1 2.2204460492503128e-16 1.110223024625157e-16 -2.2204460492503131e-16 1 1.1102230246251565e-16 -1.1102230246251568e-16 -1.1102230246251568e-16 1 19.552505292504851
1 6.9111383282915963e-15 -20.750000000000007 -20.749999999999993 -3.3306690738754691e-16 -1 3.3306690738754672e-16 -3.3306690738754681e-16 3.3306690738754681e-16 1 -1 3.3306690738754681e-16 -3.3306690738754691e-16 
1 6.9111383282915963e-15 20.749999999999993 -20.750000000000007 3.3306690738754672e-16 -3.3306690738754681e-16 -1 0 -1 3.3306690738754681e-16 -1 -1.1093356479670465e-31 -3.3306690738754672e-16 
1 18 -7.3244974003718433 18.128767223542162 1.4452777285874905e-16 -0.92718385456678731 -0.37460659341591263 1.9758713302726868e-17 0.37460659341591251 -0.92718385456678709 1 1.2660207325051184e-16 7.2461016605907121e-17 
1 18.000000000000004 -19.550000000000001 0.31299075614172317 1.1102230246251564e-16 1.1102230246251568e-16 -1 -2.2204460492503131e-16 1 1.1102230246251565e-16 1 2.2204460492503131e-16 1.1102230246251568e-16 
1 18.000000000000004 -10.675363357711197 0.31299075614172417 -2.7673842285910953e-17 0.82066846235745605 -0.57140465074397917 -2.1798982217606953e-16 0.57140465074397917 0.82066846235745605 1 1.4727144780256041e-16 1.6308440998868534e-16 
1 18 7.8464477210414474 -5.463225316031485 -1.1323150258223098e-16 0.99979795959338102 0.020100746078492545 -1.0653660924968518e-16 -0.020100746078492545 0.99979795959338102 1 1.110671599128157e-16 1.0879112223132417e-16 
1 17.999999999999996 7.6205217280799395 5.7741857681128828 -1.3843520235735597e-16 0.28983761491531335 0.95707583658778184 1.8033508667028577e-16 -0.95707583658778184 0.28983761491531335 1 2.1271808281266873e-16 8.0225095703303388e-17 
1 18 -3.1367062810815645 9.031868378083999 2.7673842285938932e-17 -0.82066846235755952 0.57140465074383062 2.1798982217604801e-16 -0.57140465074383062 -0.82066846235755952 1 1.4727144780254155e-16 1.6308440998867834e-16 
1 18.000000000000004 -9.5591128225115192 -0.1921841285403682 1.5553857748936188e-16 -0.79703861814738408 -0.60392834109827032 -4.5609967363930544e-17 0.60392834109827032 -0.79703861814738408 1 1.5151540479837562e-16 5.7581249718440579e-17 
1 18 -2.7711503455253812 -9.150644701618484 6.8454285164293744e-17 0.32807150599629192 -0.94465289231194594 -2.4617833223274753e-16 0.94465289231194594 0.32807150599629192 1 2.1009517314244663e-16 1.454296346708498e-16 
1 18 -11.725469407950811 8.0743635678284651 1 1.2491905162918383e-16 1.8383750291270816e-16 -1.8383750291270816e-16 0 1 1.2491905162918383e-16 -1 2.2964806517732823e-32 
1 18 5.1787640567937933e-13 1.4807396301547975e-12 1 2.670689739686651e-16 9.2751232974375617e-17 -2.670689739686651e-16 1 0 -9.2751232974375617e-17 -2.4770976624795115e-32 1 
Triangulations 0

TShapes 299
Ve
1.00000007524768e-07
4.75 -8.75 20.75
0 0

0101101
