<?xml version='1.0' encoding='utf-8'?>
<!-- FreeCAD DocumentObject -->
<Document SchemaVersion="4" FileVersion="2">
<Object name="Pocket100">
  <Properties Count="43" TransientCount="2">
    <_Property name="_Body" type="App::PropertyLinkHidden" status="251658241"/>
    <_Property name="_ElementMapVersion" type="App::PropertyString" status="234881024"/>
    <Property name="AddSubShape" type="Part::PropertyPartShape">
      <Part HasherIndex="0" ElementMap="1.15.70200.4" brep="1">
<![CDATA[

CASCADE Topology V1, (c) Matra-Datavision
Locations 12
1
              1               0               0               0 
              0               1               0               0 
              0               0               1               0 
1
-2.22044604925031e-16 -1.11022302462516e-16               1              22 
              1 -1.11022302462516e-16 2.22044604925031e-16 2.57968623498606e-30 
1.11022302462516e-16               1 1.11022302462516e-16 7.32747196252603e-15 
2  1 1 2 1 0
1
              1               0               0              -5 
              0               1               0 -5.55111512312578e-16 
              0               0               1 -5.55111512312578e-16 
2  1 1 2 1 4 1 0
1
-2.22044604925031e-16 -1.11022302462516e-16               1              22 
              1 -1.11022302462516e-16 2.22044604925031e-16 2.57968623498606e-30 
1.11022302462516e-16               1 1.11022302462516e-16 7.32747196252603e-15 
1
              1               0               0               0 
              0               1               0               0 
              0               0               1               0 
2  6 -1 7 -1 0
1
              1               0               0              -5 
              0               1               0 -5.55111512312578e-16 
              0               0               1 -5.55111512312578e-16 
2  9 -1 6 -1 7 -1 0
2  2 -1 1 -1 0
2  4 -1 2 -1 1 -1 0
Curve2ds 6
1 1.95476876223365 0 0 -1 
1 3.1255842638648121 0 0 -1 
1 0 0 1 0 
1 0 -5 1 0 
1 0 0 1 0 
1 0 -5 1 0 
Curves 8
1 22 -7.3244974003718468 18.128767223542162 -1 -1.1102230246251565e-16 -1.1102230246251565e-16 
1 22.000000000000004 -19.550000000000001 0.31299075614171973 -1 -1.1102230246251565e-16 -1.1102230246251565e-16 
2 -3.4735512759065762e-30 3.5493034939396561e-30 0 0 0 1 1 0 -0 -0 1 0 19.552505292504851
1 22.000000000000004 -10.6753633577112 0.31299075614172545 -1 -1.1102230246251565e-16 -1.1102230246251565e-16 
1 -19.550000000000001 0.31299075614171928 0 1 0 0 
1 22 -4.0000000000000009 9.9003474136651768 -1 -1.1102230246251565e-16 -1.1102230246251565e-16 
1 -10.6753633577112 0.31299075614171928 0 0.5714046507439795 0.82066846235745583 0 
1 -7.3244974003718406 18.128767223542159 0 0.37460659341591224 -0.92718385456678731 0 
Polygon3D 0
PolygonOnTriangulations 0
Surfaces 6
2 22 -8.9386504092051924e-31 7.3274719625260316e-15 1 2.2204460492503128e-16 1.110223024625157e-16 -2.2204460492503131e-16 1 1.1102230246251565e-16 -1.1102230246251568e-16 -1.1102230246251568e-16 1 19.552505292504851
2 22 -8.9386504092051924e-31 7.3274719625260316e-15 1 2.2204460492503128e-16 1.110223024625157e-16 -2.2204460492503131e-16 1 1.1102230246251565e-16 -1.1102230246251568e-16 -1.1102230246251568e-16 1 19.552505292504851
1 22.000000000000004 -19.550000000000001 0.31299075614172445 1.1102230246251564e-16 1.1102230246251568e-16 -1 -2.2204460492503131e-16 1 1.1102230246251565e-16 1 2.2204460492503131e-16 1.1102230246251568e-16 
1 22.000000000000004 -10.6753633577112 0.31299075614172545 -2.7673842285910916e-17 0.82066846235745594 -0.57140465074397939 -2.1798982217606963e-16 0.57140465074397939 0.82066846235745594 1 1.4727144780256049e-16 1.6308440998868542e-16 
1 22 -7.3244974003718424 18.128767223542166 1.4452777285874903e-16 -0.92718385456678731 -0.37460659341591235 1.9758713302726957e-17 0.37460659341591235 -0.92718385456678731 1 1.2660207325051181e-16 7.2461016605907158e-17 
1 22.000000000000004 -11.725469407950813 8.0743635678284651 1 1.2491905162918359e-16 1.8383750291270824e-16 -1.8383750291270824e-16 0 1 1.2491905162918359e-16 -1 2.2964806517732788e-32 
Triangulations 0

TShapes 24
Ve
1.00000005687117e-07
-7.32449740037185 18.1287672235422 0
0 0

0101101
*
Ed
 1.00000005687117e-07 1 1 0
1  1 0 0 5
2  1 1 0 0 5
0

0101000
+24 3 -24 5 *
Ve
1.00000004718448e-07
-19.55 0.312990756141715 0
0 0

0101101
*
Ed
 1.00000004718448e-07 1 1 0
1  2 0 0 5
2  2 1 0 0 5
0

0101000
+22 3 -22 5 *
Ed
 1e-07 1 1 0
1  3 0 1.95476876223365 3.12558426386481
2  3 2 8 1.95476876223365 3.12558426386481
2  4 2 10 1.95476876223365 3.12558426386481
2  5 1 11 1.95476876223365 3.12558426386481
2  6 1 12 1.95476876223365 3.12558426386481
0

0101000
+24 0 -22 0 *
Wi

0101100
+23 0 -21 0 -20 3 +20 5 *
Fa
0  1e-07 1 0

0111000
+19 0 *
Ve
1e-07
-10.6753633577112 0.312990756141719 0
0 0

0101101
*
Ed
 1e-07 1 1 0
1  4 0 0 5
0

0101000
+17 3 -17 5 *
Ed
 1e-07 1 1 0
1  5 0 0 8.8746366422888
0

0101000
+22 0 -17 0 *
Wi

0101100
+21 0 -16 0 -15 3 +15 5 *
Fa
0  1e-07 3 0

0111000
+14 0 *
Ve
1e-07
-4 9.90034741366517 0
0 0

0101101
*
Ed
 1e-07 1 1 0
1  6 0 0 5
0

0101000
+12 3 -12 5 *
Ed
 1e-07 1 1 0
1  7 0 0 11.6823749142044
0

0101000
+17 0 -12 0 *
Wi

0101100
+16 0 -11 0 -10 3 +10 5 *
Fa
0  1e-07 4 0

0111000
+9 0 *
Ed
 1e-07 1 1 0
1  8 0 0 8.87463664228881
0

0101000
+24 0 -12 0 *
Wi

0101100
+23 0 -11 0 -7 3 +7 5 *
Fa
0  1e-07 5 0

0111000
+6 0 *
Wi

0101100
+20 0 +15 0 +10 0 -7 0 *
Fa
0  1e-07 6 0

0111000
+4 3 *
Sh

0101100
+18 0 +13 0 +8 0 -5 0 +3 0 -3 4 *
So

0100000
+2 0 *

+1 0 ]]>
      </Part>
      <ElementMap new="1" count="1"><Element key="Dummy" value="Dummy"/></ElementMap>
      <ElementMap2 count="26">
<![CDATA[
620 PostfixCount 11
Edge
Face
Vertex
;:G;XTR;:H162c:7,F
;FAC;:H162c:4,F
;:G;XTR;:H162c:7,E
;:G0;XTR;:H162c:8,F
;:U;XTR;:H162c:7,E
;:U;XTR;:H162c:7,V
;SKT;:H162c,E
;SKT;:H162c,V

MapCount 1

ElementMap 1 620 3

Edge

ChildCount 0

NameCount 13
0
$#19c61.6 0
$#19c62.6 0
;g14.a 0
$#19c69.8 0
$#19d78.6 0
;g19.a 0
$#19d7d.8 0
$#19d79.6 0
;g21.a 0
$#19d7e.8 0
;g20.a 0
$#19d7f.8 0

Face

ChildCount 0

NameCount 7
0
$#19c5f.4 0
$#19d7a.4 0
$#19d7b.4 0
$#19d7c.4 0
$#19c5f.5 0
$#19c67.7 0

Vertex

ChildCount 0

NameCount 9
0
;g14v1.b 0
$#19c6d.9 0
;g14v2.b 0
$#19c6e.9 0
;g19v2.b 0
$#19d80.9 0
;g20v2.b 0
$#19d81.9 0

EndMap
]]>
      </ElementMap2>
    </Property>
    <Property name="AddSubType" type="App::PropertyEnumeration">
      <Integer value="1"/>
    </Property>
    <Property name="AllowMultiFace" type="App::PropertyBool">
      <Bool value="true"/>
    </Property>
    <Property name="AutoTaperInnerAngle" type="App::PropertyBool">
      <Bool value="true"/>
    </Property>
    <Property name="BaseFeature" type="App::PropertyLink" status="8">
      <Link value="Pocket099"/>
    </Property>
    <Property name="CheckUpToFaceLimits" type="App::PropertyBool">
      <Bool value="true"/>
    </Property>
    <Property name="ClaimChildren" type="App::PropertyBool" status="134217728">
      <Bool value="false"/>
    </Property>
    <Property name="ColoredElements" type="App::PropertyLinkSubHidden" status="218103808">
      <LinkSub value="" count="0">
      </LinkSub>
    </Property>
    <Property name="ExpressionEngine" type="App::PropertyExpressionEngine" status="67108864">
      <ExpressionEngine count="0"></ExpressionEngine>
    </Property>
    <Property name="Fit" type="App::PropertyDistance">
      <Float value="0"/>
    </Property>
    <Property name="FitJoin" type="App::PropertyEnumeration">
      <Integer value="0"/>
    </Property>
    <Property name="FixShape" type="App::PropertyEnumeration">
      <Integer value="0"/>
    </Property>
    <Property name="InnerFit" type="App::PropertyDistance">
      <Float value="0"/>
    </Property>
    <Property name="InnerFitJoin" type="App::PropertyEnumeration">
      <Integer value="0"/>
    </Property>
    <Property name="InvalidShape" type="App::PropertyBool" status="67108864">
      <Bool value="false"/>
    </Property>
    <Property name="Label" type="App::PropertyString" status="134217728">
      <String value="Pocket100"/>
    </Property>
    <Property name="Label2" type="App::PropertyString" status="128">
      <String value=""/>
    </Property>
    <Property name="Length" type="App::PropertyLength">
      <Float value="5"/>
    </Property>
    <Property name="Length2" type="App::PropertyLength">
      <Float value="100"/>
    </Property>
    <Property name="Linearize" type="App::PropertyBool">
      <Bool value="true"/>
    </Property>
    <Property name="Midplane" type="App::PropertyBool">
      <Bool value="false"/>
    </Property>
    <Property name="NewSolid" type="App::PropertyBool">
      <Bool value="false"/>
    </Property>
    <Property name="Offset" type="App::PropertyLength">
      <Float value="0"/>
    </Property>
    <Property name="Placement" type="App::PropertyPlacement" status="8388620">
      <PropertyPlacement Px="0" Py="0" Pz="0" Q0="0" Q1="0" Q2="0" Q3="1" A="0" Ox="0" Oy="0" Oz="1"/>
    </Property>
    <Property name="Profile" type="App::PropertyLinkSub">
      <LinkSub value="Sketch185" count="1">
        <Sub value=""/>
      </LinkSub>
    </Property>
    <Property name="Refine" type="App::PropertyBool">
      <Bool value="true"/>
    </Property>
    <Property name="Reversed" type="App::PropertyBool">
      <Bool value="false"/>
    </Property>
    <Property name="Shape" type="Part::PropertyPartShape">
      <Part HasherIndex="0" ElementMap="1.15.70200.4" brep="1">
<![CDATA[

CASCADE Topology V1, (c) Matra-Datavision
Locations 38
1
              1               0               0               0 
              0               1               0               0 
              0               0               1               0 
1
              1               0               0               0 
              0               1               0               0 
              0               0               1               0 
2  1 1 2 1 0
1
              1               0               0               0 
              0               1               0               0 
              0               0               1               0 
1
              1               0               0               0 
              0 1.11022302462516e-16              -1               0 
              0               1 1.11022302462516e-16               0 
2  4 1 5 1 2 1 0
2  2 -1 5 -1 4 -1 0
1
              1               0               0               0 
              0               1               0               0 
              0               0               1               0 
1
              0 -3.33066907387547e-16               1               0 
              1 3.33066907387547e-16 1.10933564796705e-31               0 
-3.33066907387547e-16               1 3.33066907387547e-16               0 
1
              1               0               0              22 
              0               1               0 -7.32747196252603e-15 
              0               0               1 7.32747196252603e-15 
2  8 1 9 1 10 1 1 1 2 1 0
2  2 -1 1 -1 10 -1 9 -1 8 -1 0
1
              1               0               0               0 
              0               1               0               0 
              0               0               1               0 
1
-2.22044604925031e-16 -1.11022302462516e-16               1              22 
              1 -1.11022302462516e-16 2.22044604925031e-16 2.57968623498606e-30 
1.11022302462516e-16               1 1.11022302462516e-16 7.32747196252603e-15 
2  13 1 14 1 0
2  14 -1 13 -1 0
1
              1               0               0 -136.121623557758 
              0               1               0 -1.51125360623181e-14 
              0               0               1 -1.51125360623181e-14 
2  17 -1 14 -1 13 -1 0
2  10 1 1 1 2 1 0
1
              1               0               0               0 
              0               1               0               0 
              0               0               1               0 
1
-2.22044604925031e-16 -1.11022302462516e-16               1              22 
              1 -1.11022302462516e-16 2.22044604925031e-16 2.57968623498606e-30 
1.11022302462516e-16               1 1.11022302462516e-16 7.32747196252603e-15 
2  20 1 21 1 0
1
-2.22044604925031e-16 -1.11022302462516e-16               1              22 
              1 -1.11022302462516e-16 2.22044604925031e-16 2.57968623498606e-30 
1.11022302462516e-16               1 1.11022302462516e-16 7.32747196252603e-15 
1
              1               0               0               0 
              0               1               0               0 
              0               0               1               0 
2  23 -1 24 -1 0
1
              1               0               0              -5 
              0               1               0 -5.55111512312578e-16 
              0               0               1 -5.55111512312578e-16 
2  26 -1 23 -1 24 -1 0
2  21 -1 20 -1 0
1
              1               0               0              -5 
              0               1               0 -5.55111512312578e-16 
              0               0               1 -5.55111512312578e-16 
2  29 -1 21 -1 20 -1 0
1
              1               0               0               0 
              0              -1 -1.22464679914735e-16               0 
              0 1.22464679914735e-16              -1               0 
2  4 1 31 1 2 1 0
2  2 -1 1 -1 0
1
              1               0               0               0 
              0 -2.22044604925031e-16               1               0 
              0              -1 -2.22044604925031e-16               0 
2  4 1 34 1 2 1 0
2  2 -1 34 -1 4 -1 0
2  2 -1 31 -1 4 -1 0
2  20 1 21 1 29 1 0
Curve2ds 80
8 -18.974999999999991 6.0000000701165845e-07
1 29.500000000000004 -21.999999999999996 2.2204460492503126e-16 -1 
8 -18.974999999999991 6.0000000701165845e-07
1 1.1717353782187623 -6.4115379672102767e-15 0 1 
8 -18.974999999999998 6.0000000345894478e-07
1 11.999999999999996 -22.000000000000004 2.2204460492503126e-16 -1 
8 -18.974999999999998 6.0000000345894478e-07
1 1.9698572753710302 -3.1918911957973219e-15 0 1 
3 29.344931419241725 -20.749999999999989 -1 -7.8504622934188687e-16 7.8504622934188687e-16 -1 31.847291878588369 22.519436049777092
7 0 0  5 6 2  1.197070551961908 -17.034999999999989  1.1486883488789277 -17.432776379850651  1.1003061457959493 -17.891897212845748  1.0519239427129694 -18.410423446183273  1.0035417396299866 -18.98581409622405  0.95515953654700636 -19.614999999999988 
 0.37372577483298769 6 0.6156367902478892 6
3 29.344931419241725 -20.749999999999989 -1 -7.8504622934188687e-16 7.8504622934188687e-16 -1 31.847291878588369 22.519436049777092
7 0 0  5 6 2  2.1864331170427862 -19.615000000000006  2.1380509139598058 -18.985814096224065  2.089668710876829 -18.410423446183302  2.0412865077938456 -17.891897212845691  1.9929043047108645 -17.432776379850655  1.9445221016278842 -17.034999999999993 
 5.6675485169316957 6 5.9094595323465979 6
1 0 0 1 0 
1 0 -136.12162355775808 1 0 
8 -21.379999999999988 -19.219999999999985
1 -19.399999999999988 -33.44507778629184 -1 -5.5511151231257788e-16 
8 -21.379999999999988 -19.219999999999985
1 0.97189094474804527 1.3311746785520015e-15 0 1 
3 26.304372260139555 -20.749999999999982 -1 -7.8504622934188716e-16 7.8504622934188716e-16 -1 31.847291878588347 22.519436049777092
7 0 0  5 6 2  0.97822200491434774 -21.119999999999983  0.96372359652311412 -21.302347445474656  0.94922518813188184 -21.489603150670035  0.93472677974065022 -21.681687261669651  0.92022837134941327 -21.878515623281757  0.90572996295817965 -22.079999999999988 
 0.59257432188054782 6 0.66506636383671602 6
2 5.5698417765531885e-15 4.8849813083506856e-15 1.1102230246251573e-16 -1 1 1.1102230246251573e-16 22.519436049777092
1 0 -22 1 0 
3 26.304372260139573 -20.749999999999989 -1 -3.1401849173675449e-16 3.1401849173675449e-16 -1 31.847291878588347 22.519436049777092
7 0 0  5 6 2  0.66506636383671547 -22.079999999999998  0.65056795544548185 -21.878515623281768  0.6360695470542499 -21.68168726166968  0.62157113866301206 -21.489603150670007  0.60707273027178121 -21.30234744547467  0.59257432188054759 -21.119999999999997 
 5.6181189433428704 6 5.6906109852990383 6
8 -21.379999999999999 -19.219999999999999
1 -19.399999999999999 -8.0549222137081813 -1 -2.2204460492503096e-16 
8 -21.379999999999999 -19.219999999999999
1 0.59890538204684984 5.5394664173804366e-15 0 1 
3 29.344931419241739 -20.749999999999993 -1 -3.1401849173675429e-16 3.1401849173675429e-16 -1 31.847291878588369 22.519436049777092
7 0 0  5 6 2  0.6156367902478892 -19.615000000000002  0.56725458716490873 -18.985814096224061  0.5188723840819307 -18.410423446183302  0.47049018099894901 -17.891897212845748  0.42210797791596744 -17.432776379850651  0.37372577483298697 -17.034999999999989 
 5.6675485169316966 6 5.9094595323465988 6
8 -18.975000000000005 5.9999998569537638e-07
1 11.99999999999998 -22.000000000000011 2.2204460492503106e-16 -1 
8 -18.975000000000005 5.9999998569537638e-07
1 0.39906094857613433 1.2684298056342413e-14 0 1 
1 0 0 1 0 
1 0 -5 1 0 
1 0 0 1 0 
1 0 -5 1 0 
8 -18.975000000000005 6.0000001056437213e-07
1 29.499999999999986 -21.999999999999996 -2.2204460492503106e-16 -1 
8 -18.975000000000005 6.0000001056437213e-07
1 2.7425317050136595 -1.074140776324839e-14 0 1 
3 29.344931419241718 -20.75 -1 -6.2803698347350997e-16 6.2803698347350997e-16 -1 31.847291878588358 22.519436049777092
7 0 0  5 6 2  2.7678668787568048 -17.034999999999993  2.7194846756738245 -17.432776379850651  2.671102472590853 -17.891897212845748  2.6227202695078624 -18.410423446183302  2.5743380664248838 -18.98581409622405  2.5259558633419035 -19.614999999999988 
 0.37372577483298763 6 0.61563679024788864 6
8 -21.379999999999988 -19.219999999999992
1 -19.399999999999991 -33.44507778629184 -1 -4.4408920985006252e-16 
8 -21.379999999999988 -19.219999999999992
1 2.5426872715429423 -2.7205928858307247e-15 0 1 
3 26.304372260139552 -20.749999999999996 -1 -6.2803698347351007e-16 6.2803698347351007e-16 -1 31.847291878588337 22.519436049777092
7 0 0  5 6 2  2.5490183317092447 -21.119999999999987  2.5345199233180109 -21.302347445474659  2.5200215149267855 -21.489603150670007  2.5055231065355414 -21.68168726166968  2.4910246981443103 -21.878515623281764  2.4765262897530764 -22.079999999999995 
 0.59257432188054748 6 0.6650663638367158 6
2 5.5698417765531885e-15 4.8849813083506856e-15 1.1102230246251573e-16 -1 1 1.1102230246251573e-16 22.519436049777092
1 0 -22 1 0 
3 26.304372260139555 -20.749999999999982 -1 -7.8504622934188716e-16 7.8504622934188716e-16 -1 31.847291878588347 22.519436049777092
7 0 0  5 6 2  2.2358626906316124 -22.079999999999998  2.221364282240379 -21.878515623281768  2.2068658738491571 -21.681687261669708  2.1923674654579095 -21.489603150670035  2.1778690570666779 -21.30234744547467  2.1633706486754445 -21.119999999999997 
 5.6181189433428695 6 5.6906109852990374 6
8 -21.380000000000003 -19.220000000000002
1 -19.400000000000002 -8.0549222137081795 -1 -5.5511151231257788e-16 
8 -21.380000000000003 -19.220000000000002
1 2.169701708841747 2.7988549730535851e-15 0 1 
2 5.5698417765531885e-15 4.8849813083506856e-15 1.1102230246251573e-16 -1 1 1.1102230246251573e-16 22.519436049777092
1 0 -22 1 0 
2 5.5698417765531885e-15 4.8849813083506856e-15 1.1102230246251573e-16 -1 1 1.1102230246251573e-16 22.519436049777092
1 0 -22 1 0 
3 26.304372260139573 -20.749999999999989 -1 -3.1401849173675449e-16 3.1401849173675449e-16 -1 31.847291878588347 22.519436049777092
7 0 0  5 6 2  5.6906109852990383 -21.119999999999994  5.6761125769078049 -21.302347445474666  5.6616141685165715 -21.489603150670035  5.6471157601253452 -21.681687261669651  5.6326173517341029 -21.878515623281764  5.6181189433428695 -22.079999999999995 
 0.59257432188054771 6 0.66506636383671569 6
8 -21.379999999999988 -19.219999999999992
1 -19.399999999999991 -33.445077786291826 -1 -2.2204460492503096e-16 
8 -21.379999999999988 -19.219999999999992
1 5.6842799251327358 2.7205928858307255e-15 0 1 
3 29.344931419241739 -20.749999999999993 -1 -3.1401849173675429e-16 3.1401849173675429e-16 -1 31.847291878588369 22.519436049777092
7 0 0  5 6 2  5.9094595323465988 -17.034999999999986  5.861077329263618 -17.432776379850647  5.8126951261806497 -17.891897212845663  5.7643129230976697 -18.410423446183358  5.7159307200146774 -18.985814096224047  5.6675485169316966 -19.614999999999988 
 0.37372577483298658 6 0.61563679024788898 6
8 -18.974999999999998 5.9999998924809006e-07
1 29.500000000000021 -22.000000000000004 2.2204460492503106e-16 -1 
8 -18.974999999999998 5.9999998924809006e-07
1 5.8841243586034508 1.0741407763248383e-14 0 1 
8 -18.974999999999998 6.0000001411708581e-07
1 12.000000000000012 -21.999999999999989 -2.2204460492503106e-16 -1 
8 -18.974999999999998 6.0000001411708581e-07
1 3.5406536021659258 -1.2684298056342413e-14 0 1 
8 -18.975000000000012 5.9999999280080374e-07
1 29.500000000000004 -22.000000000000004 -2.2204460492503126e-16 -1 
8 -18.975000000000012 5.9999999280080374e-07
1 4.3133280318085552 6.4115379672102767e-15 0 1 
3 29.344931419241732 -20.750000000000004 -1 -1.5700924586837739e-16 1.5700924586837739e-16 -1 31.847291878588358 22.519436049777092
7 0 0  5 6 2  4.3386632055517023 -17.034999999999986  4.2902810024687215 -17.432776379850647  4.2418987993857442 -17.891897212845777  4.1935165963027714 -18.410423446183245  4.1451343932197808 -18.985814096224054  4.0967521901368 -19.614999999999995 
 0.37372577483298636 6 0.61563679024788864 6
8 -21.379999999999995 -19.219999999999992
1 -19.399999999999995 -33.445077786291819 -1 -1.1102230246251549e-16 
8 -21.379999999999995 -19.219999999999992
1 4.1134835983378393 -1.3311746785519991e-15 0 1 
3 26.304372260139559 -20.75 -1 -1.5700924586837722e-16 1.5700924586837722e-16 -1 31.847291878588337 22.519436049777092
7 0 0  5 6 2  4.1198146585041417 -21.119999999999987  4.1053162501129083 -21.302347445474659  4.0908178417216803 -21.489603150670064  4.0763194333304398 -21.681687261669623  4.0618210249392064 -21.878515623281761  4.047322616547973 -22.079999999999991 
 0.59257432188054759 6 0.66506636383671569 6
3 26.304372260139552 -20.749999999999996 -1 -6.2803698347351007e-16 6.2803698347351007e-16 -1 31.847291878588337 22.519436049777092
7 0 0  5 6 2  3.8066590174265089 -22.080000000000013  3.7921606090352755 -21.878515623281782  3.7776622006440448 -21.681687261669765  3.7631637922528114 -21.489603150670035  3.7486653838615744 -21.302347445474684  3.734166975470341 -21.120000000000012 
 5.6181189433428695 6 5.6906109852990374 6
8 -21.379999999999999 -19.219999999999999
1 -19.399999999999999 -8.0549222137081955 -1 -4.4408920985006252e-16 
8 -21.379999999999999 -19.219999999999999
1 3.7404980356366426 -5.5394664173804374e-15 0 1 
3 29.344931419241718 -20.75 -1 -6.2803698347350997e-16 6.2803698347350997e-16 -1 31.847291878588358 22.519436049777092
7 0 0  5 6 2  3.7572294438376819 -19.615000000000002  3.7088472407547015 -18.985814096224065  3.6604650376717203 -18.410423446183302  3.6120828345887546 -17.891897212845748  3.5637006315057609 -17.432776379850665  3.5153184284227805 -17.035000000000004 
 5.6675485169316966 6 5.9094595323465979 6
3 26.304372260139559 -20.75 -1 -1.5700924586837722e-16 1.5700924586837722e-16 -1 31.847291878588337 22.519436049777092
7 0 0  5 6 2  5.3774553442214046 -22.079999999999998  5.3629569358301712 -21.878515623281768  5.3484585274389573 -21.681687261669623  5.3339601190477026 -21.489603150670064  5.319461710656471 -21.30234744547467  5.3049633022652376 -21.119999999999997 
 5.6181189433428704 6 5.6906109852990383 6
8 -21.379999999999995 -19.219999999999995
1 -19.399999999999995 -8.0549222137082008 -1 -1.1102230246251549e-16 
8 -21.379999999999995 -19.219999999999995
1 5.3112943624315383 -2.7988549730535914e-15 0 1 
3 29.344931419241732 -20.750000000000004 -1 -1.5700924586837739e-16 1.5700924586837739e-16 -1 31.847291878588358 22.519436049777092
7 0 0  5 6 2  5.3280257706325784 -19.614999999999998  5.2796435675495976 -18.985814096224058  5.2312613644666257 -18.410423446183302  5.1828791613836387 -17.891897212845691  5.1344969583006561 -17.432776379850655  5.0861147552176753 -17.034999999999993 
 5.6675485169316975 6 5.9094595323465997 6
8 -18.975000000000005 5.9999999635351742e-07
1 11.999999999999996 -21.999999999999996 -2.2204460492503126e-16 -1 
8 -18.975000000000005 5.9999999635351742e-07
1 5.1114499289608233 3.1918911957973219e-15 0 1 
1 1.95476876223365 0 0 -1 
1 3.1255842638648121 0 0 -1 
Curves 53
1 4.7499999999999982 20.750000000000007 20.749999999999996 3.3306690738754672e-16 -3.3306690738754681e-16 -1 
1 21.999999999999989 8.7500000000000107 20.750000000000004 1 2.2204460492503128e-16 1.110223024625157e-16 
1 -20.75 20.75 0 1 0 0 
1 21.999999999999996 -8.7499999999999964 20.750000000000011 1 2.2204460492503128e-16 1.110223024625157e-16 
1 2.5999999999999988 18.600000000000009 20.749999999999996 3.3306690738754672e-16 -3.3306690738754681e-16 -1 
3 -16 -8.437694987151185e-15 3.108624468950432e-15 -0.70710678118654746 5.4953236053932098e-16 0.70710678118654768 0.70710678118654768 8.6355085227607557e-16 0.70710678118654746 -2.2204460492503116e-16 1 -9.992007221626401e-16 31.847291878588369 22.519436049777092
3 -16 -8.437694987151185e-15 3.108624468950432e-15 -0.70710678118654746 5.4953236053932098e-16 0.70710678118654768 0.70710678118654768 8.6355085227607557e-16 0.70710678118654746 -2.2204460492503116e-16 1 -9.992007221626401e-16 31.847291878588369 22.519436049777092
2 0 0 0 0 0 1 1 0 -0 -0 1 0 22.519436049777092
1 21.999999999999996 12.695077786291838 18.599999999999994 1 2.2204460492503128e-16 1.110223024625157e-16 
3 -17.799999999999976 -8.837375276016236e-15 2.9087843245179065e-15 -0.70710678118654791 5.4953236053932098e-16 0.70710678118654724 0.70710678118654724 8.6355085227607626e-16 0.70710678118654791 -2.2204460492503096e-16 1 -9.9920072216264069e-16 31.847291878588347 22.519436049777092
2 0 -4.8849813083506856e-15 4.8849813083506825e-15 1 2.2204460492503128e-16 1.110223024625157e-16 -2.2204460492503131e-16 1 1.1102230246251565e-16 -1.1102230246251568e-16 -1.1102230246251568e-16 1 22.519436049777092
3 -17.79999999999999 -8.8373752760162391e-15 2.9087843245179049e-15 -0.70710678118654791 0.70710678118654724 -4.7102773760513218e-16 0.70710678118654724 0.70710678118654791 -3.1401849173675479e-16 1.1102230246251583e-16 -5.5511151231257778e-16 -1 31.847291878588347 22.519436049777092
1 22 18.600000000000005 12.695077786291822 1 2.2204460492503128e-16 1.110223024625157e-16 
3 -16.000000000000007 -8.4376949871511866e-15 3.1086244689504312e-15 -0.70710678118654746 0.70710678118654768 -4.7102773760513228e-16 0.70710678118654768 0.70710678118654746 -3.1401849173675439e-16 1.1102230246251585e-16 -5.5511151231257768e-16 -1 31.847291878588369 22.519436049777092
1 22.000000000000007 20.749999999999996 8.7500000000000195 1 2.2204460492503128e-16 1.110223024625157e-16 
1 -20.75 -20.75 0 0 1 0 
1 20.75 20.75 0 0 -1 0 
1 20.75 -20.75 0 -1 0 0 
2 -3.4735512759065762e-30 3.5493034939396561e-30 0 0 0 1 1 0 -0 -0 1 0 19.552505292504851
1 -19.550000000000001 0.31299075614171928 0 1 0 0 
1 -10.6753633577112 0.31299075614171928 0 0.5714046507439795 0.82066846235745583 0 
1 -7.3244974003718406 18.128767223542159 0 0.37460659341591224 -0.92718385456678731 0 
1 21.999999999999993 -20.750000000000004 8.7500000000000018 1 2.2204460492503128e-16 1.110223024625157e-16 
3 -15.999999999999993 -8.4376949871511834e-15 3.1086244689504328e-15 -0.70710678118654746 -0.70710678118654768 5.5762334322868163e-16 0.70710678118654768 -0.70710678118654746 7.1463258909705932e-16 -1.1102230246251595e-16 8.9962079715234473e-16 1 31.847291878588358 22.519436049777092
1 22 -18.599999999999994 12.695077786291836 1 2.2204460492503128e-16 1.110223024625157e-16 
3 -17.799999999999976 -8.837375276016236e-15 2.9087843245179065e-15 -0.70710678118654791 -0.70710678118654724 5.5762334322868143e-16 0.70710678118654724 -0.70710678118654791 7.1463258909705981e-16 -1.1102230246251583e-16 8.9962079715234492e-16 1 31.847291878588337 22.519436049777092
2 0 -4.8849813083506856e-15 4.8849813083506825e-15 1 2.2204460492503128e-16 1.110223024625157e-16 -2.2204460492503131e-16 1 1.1102230246251565e-16 -1.1102230246251568e-16 -1.1102230246251568e-16 1 22.519436049777092
3 -17.799999999999976 -8.837375276016236e-15 2.9087843245179065e-15 -0.70710678118654791 5.4953236053932098e-16 0.70710678118654724 0.70710678118654724 8.6355085227607626e-16 0.70710678118654791 -2.2204460492503096e-16 1 -9.9920072216264069e-16 31.847291878588347 22.519436049777092
1 22.000000000000004 -12.69507778629182 18.600000000000009 1 2.2204460492503128e-16 1.110223024625157e-16 
1 0.79999999999999893 18.600000000000009 20.749999999999993 3.3306690738754672e-16 -3.3306690738754681e-16 -1 
1 -1.0894063429134317e-15 17.800000000000004 20.749999999999993 3.3306690738754672e-16 -3.3306690738754681e-16 -1 
2 0 -4.8849813083506856e-15 4.8849813083506825e-15 1 2.2204460492503128e-16 1.110223024625157e-16 -2.2204460492503131e-16 1 1.1102230246251565e-16 -1.1102230246251568e-16 -1.1102230246251568e-16 1 22.519436049777092
2 0 -4.8849813083506856e-15 4.8849813083506825e-15 1 2.2204460492503128e-16 1.110223024625157e-16 -2.2204460492503131e-16 1 1.1102230246251565e-16 -1.1102230246251568e-16 -1.1102230246251568e-16 1 22.519436049777092
3 -17.79999999999999 -8.8373752760162391e-15 2.9087843245179049e-15 -0.70710678118654791 0.70710678118654724 -4.7102773760513218e-16 0.70710678118654724 0.70710678118654791 -3.1401849173675479e-16 1.1102230246251583e-16 -5.5511151231257778e-16 -1 31.847291878588347 22.519436049777092
1 22 18.599999999999998 -12.695077786291819 1 2.2204460492503128e-16 1.110223024625157e-16 
3 -16.000000000000007 -8.4376949871511866e-15 3.1086244689504312e-15 -0.70710678118654746 0.70710678118654768 -4.7102773760513228e-16 0.70710678118654768 0.70710678118654746 -3.1401849173675439e-16 1.1102230246251585e-16 -5.5511151231257768e-16 -1 31.847291878588369 22.519436049777092
1 22.000000000000007 20.749999999999989 -8.7500000000000195 1 2.2204460492503128e-16 1.110223024625157e-16 
1 21.999999999999993 -20.750000000000011 -8.7499999999999734 1 2.2204460492503128e-16 1.110223024625157e-16 
1 22.000000000000011 -8.7500000000000107 -20.749999999999989 1 2.2204460492503128e-16 1.110223024625157e-16 
3 -16 -8.437694987151185e-15 3.108624468950432e-15 -0.70710678118654746 -6.2803698347350977e-16 -0.70710678118654768 0.70710678118654768 -3.1401849173675479e-16 -0.70710678118654746 2.2204460492503121e-16 -1 6.6613381477509363e-16 31.847291878588358 22.519436049777092
1 22.000000000000004 -12.69507778629182 -18.599999999999994 1 2.2204460492503128e-16 1.110223024625157e-16 
3 -17.799999999999976 -8.837375276016236e-15 2.9087843245179065e-15 -0.70710678118654791 -6.2803698347350957e-16 -0.70710678118654724 0.70710678118654724 -3.1401849173675513e-16 -0.70710678118654791 2.2204460492503116e-16 -1 6.6613381477509353e-16 31.847291878588337 22.519436049777092
3 -17.799999999999976 -8.837375276016236e-15 2.9087843245179065e-15 -0.70710678118654791 -0.70710678118654724 5.5762334322868143e-16 0.70710678118654724 -0.70710678118654791 7.1463258909705981e-16 -1.1102230246251583e-16 8.9962079715234492e-16 1 31.847291878588337 22.519436049777092
1 22 -18.600000000000009 -12.695077786291805 1 2.2204460492503128e-16 1.110223024625157e-16 
3 -15.999999999999993 -8.4376949871511834e-15 3.1086244689504328e-15 -0.70710678118654746 -0.70710678118654768 5.5762334322868163e-16 0.70710678118654768 -0.70710678118654746 7.1463258909705932e-16 -1.1102230246251595e-16 8.9962079715234473e-16 1 31.847291878588358 22.519436049777092
3 -17.799999999999976 -8.837375276016236e-15 2.9087843245179065e-15 -0.70710678118654791 -6.2803698347350957e-16 -0.70710678118654724 0.70710678118654724 -3.1401849173675513e-16 -0.70710678118654791 2.2204460492503116e-16 -1 6.6613381477509353e-16 31.847291878588337 22.519436049777092
1 21.999999999999996 12.695077786291799 -18.600000000000009 1 2.2204460492503128e-16 1.110223024625157e-16 
3 -16 -8.437694987151185e-15 3.108624468950432e-15 -0.70710678118654746 -6.2803698347350977e-16 -0.70710678118654768 0.70710678118654768 -3.1401849173675479e-16 -0.70710678118654746 2.2204460492503121e-16 -1 6.6613381477509363e-16 31.847291878588358 22.519436049777092
1 22.000000000000004 8.7499999999999964 -20.749999999999996 1 2.2204460492503128e-16 1.110223024625157e-16 
1 22 -7.3244974003718468 18.128767223542162 -1 -1.1102230246251565e-16 -1.1102230246251565e-16 
1 22.000000000000004 -19.550000000000001 0.31299075614171973 -1 -1.1102230246251565e-16 -1.1102230246251565e-16 
1 22.000000000000004 -10.6753633577112 0.31299075614172545 -1 -1.1102230246251565e-16 -1.1102230246251565e-16 
1 22 -4.0000000000000009 9.9003474136651768 -1 -1.1102230246251565e-16 -1.1102230246251565e-16 
Polygon3D 0
PolygonOnTriangulations 0
Surfaces 15
1 -6.9111383282915963e-15 -20.749999999999993 20.750000000000007 -3.3306690738754672e-16 3.3306690738754681e-16 1 0 1 -3.3306690738754681e-16 -1 -1.1093356479670465e-31 -3.3306690738754672e-16 
2 22 2.5796862349860577e-30 7.3274719625260284e-15 1 2.2204460492503128e-16 1.110223024625157e-16 -2.2204460492503131e-16 1 1.1102230246251565e-16 -1.1102230246251568e-16 -1.1102230246251568e-16 1 22.519436049777092
1 4.7499999999999982 20.750000000000007 20.749999999999996 -0.70710678118654746 0.70710678118654768 -4.7102773760513218e-16 -0.70710678118654768 -0.70710678118654746 0 -3.3306690738754672e-16 3.3306690738754681e-16 1 
1 2.5999999999999988 18.600000000000009 20.749999999999996 0 1 -3.3306690738754681e-16 -1 -1.1093356479670465e-31 -3.3306690738754672e-16 -3.3306690738754672e-16 3.3306690738754681e-16 1 
1 0.79999999999999893 18.600000000000009 20.749999999999993 -0.70710678118654791 0.70710678118654724 -4.7102773760513218e-16 -0.70710678118654724 -0.70710678118654791 2.4651903288156615e-31 -3.3306690738754667e-16 3.3306690738754672e-16 1 
1 -3.0413914418159493e-31 0 -6.8486046820250624e-16 1 1.1725846522663899e-31 3.3306690738754676e-16 -3.3306690738754676e-16 0 1 1.1725846522663899e-31 -1 3.9054914378046843e-47 
1 -6.9111383282915963e-15 20.750000000000007 20.749999999999993 3.3306690738754691e-16 1 -3.3306690738754672e-16 3.3306690738754681e-16 -3.3306690738754681e-16 -1 -1 3.3306690738754681e-16 -3.3306690738754691e-16 
2 22 -8.9386504092051924e-31 7.3274719625260316e-15 1 2.2204460492503128e-16 1.110223024625157e-16 -2.2204460492503131e-16 1 1.1102230246251565e-16 -1.1102230246251568e-16 -1.1102230246251568e-16 1 19.552505292504851
2 22 -8.9386504092051924e-31 7.3274719625260316e-15 1 2.2204460492503128e-16 1.110223024625157e-16 -2.2204460492503131e-16 1 1.1102230246251565e-16 -1.1102230246251568e-16 -1.1102230246251568e-16 1 19.552505292504851
1 6.9111383282915963e-15 -20.750000000000007 -20.749999999999993 -3.3306690738754691e-16 -1 3.3306690738754672e-16 -3.3306690738754681e-16 3.3306690738754681e-16 1 -1 3.3306690738754681e-16 -3.3306690738754691e-16 
1 6.9111383282915963e-15 20.749999999999993 -20.750000000000007 3.3306690738754672e-16 -3.3306690738754681e-16 -1 0 -1 3.3306690738754681e-16 -1 -1.1093356479670465e-31 -3.3306690738754672e-16 
1 22.000000000000004 -19.550000000000001 0.31299075614172445 1.1102230246251564e-16 1.1102230246251568e-16 -1 -2.2204460492503131e-16 1 1.1102230246251565e-16 1 2.2204460492503131e-16 1.1102230246251568e-16 
1 22.000000000000004 -10.6753633577112 0.31299075614172545 -2.7673842285910916e-17 0.82066846235745594 -0.57140465074397939 -2.1798982217606963e-16 0.57140465074397939 0.82066846235745594 1 1.4727144780256049e-16 1.6308440998868542e-16 
1 22 -7.3244974003718424 18.128767223542166 1.4452777285874903e-16 -0.92718385456678731 -0.37460659341591235 1.9758713302726957e-17 0.37460659341591235 -0.92718385456678731 1 1.2660207325051181e-16 7.2461016605907158e-17 
1 22.000000000000004 -11.725469407950813 8.0743635678284651 1 1.2491905162918359e-16 1.8383750291270824e-16 -1.8383750291270824e-16 0 1 1.2491905162918359e-16 -1 2.2964806517732788e-32 
Triangulations 0

TShapes 177
Ve
1e-07
4.75 -8.75000000000001 20.75
0 0

0101101
*
Ve
1e-07
4.75000000000001 8.75000000000002 20.75
0 0

0101101
*
Ed
 1e-07 1 1 0
1  1 0 12 29.5
0

0101000
+177 7 -176 7 *
Ve
1e-07
22 8.75000000000066 20.7499999999999
0 0

0101101
*
Ed
 1e-07 1 1 0
1  2 0 -17.25 3.55271367880063e-15
2  1 1 3 -17.25 3.55271367880063e-15
2  2 2 0 -17.25 3.55271367880063e-15
0

0101000
+176 0 -174 0 *
Ve
1e-07
22 -8.74999999999915 20.7500000000002
0 0

0101101
*
Ed
 1e-07 1 1 0
1  3 0 12.0000000000009 29.5000000000007
0

0101000
+172 12 -174 12 *
Ed
 1e-07 1 1 0
1  4 0 -17.25 2.08653709430958e-28
2  3 1 3 -17.25 2.08653709430958e-28
2  4 2 0 -17.25 2.08653709430958e-28
0

0101000
+177 0 -172 0 *
Wi

0101100
-175 6 -173 0 +171 11 +170 0 *
Fa
0  1e-07 1 3

0101000
+169 0 *
Ve
1e-07
2.6 -12.6950777862918 18.6
0 0

0101101
*
Ve
1e-07
2.60000000000001 12.6950777862918 18.6
0 0

0101101
*
Ed
 1e-07 1 1 0
1  5 0 8.05492221370817 33.4450777862918
0

0101000
+167 7 -166 7 *
Ed
 1e-07 1 1 0
1  6 0 0.399060948576134 0.59890538204685
2  5 3 6 0.399060948576134 0.59890538204685
2  6 2 0 0.399060948576134 0.59890538204685
0

0101000
+176 0 -166 0 *
Ed
 1e-07 1 1 0
1  7 0 5.68427992513273 5.88412435860345
2  7 3 6 5.68427992513273 5.88412435860345
2  8 2 0 5.68427992513273 5.88412435860345
0

0101000
+167 0 -177 0 *
Wi

0101100
-165 6 +164 0 +175 6 +163 0 *
Fa
0  1e-07 3 6

0101000
+162 0 *
Ve
1e-07
22 20.7500000000001 8.74999999999962
0 0

0101101
*
Ed
 1e-07 1 1 0
1  8 0 0.399060948576117 1.17173537821873
2  9 2 16 0.399060948576117 1.17173537821873
2  10 2 18 0.399060948576117 1.17173537821873
0

0101000
+160 16 -174 16 *
Ve
1e-07
0.80000000000001 12.6950777862918 18.6
0 0

0101101
*
Ed
 1e-07 1 1 0
1  9 0 -21.2 -19.4
2  11 4 6 -21.2 -19.4
2  12 2 0 -21.2 -19.4
0

0101000
+158 0 -166 0 *
Ve
1e-07
1.04161844421287e-14 13.7943829147954 17.8
0 0

0101101
*
Ed
 1e-07 1 1 0
1  10 0 0.59890538204685 0.659288409112213
2  13 5 6 0.59890538204685 0.659288409112213
2  14 2 0 0.59890538204685 0.659288409112213
0

0101000
+158 0 -156 0 *
Ve
1e-07
1.22727952862764e-15 17.8 13.7943829147954
0 0

0101101
*
Ed
 1e-07 1 1 0
1  11 0 0.659288409112212 0.911507917682683
2  15 6 3 0.659288409112212 0.911507917682683
2  16 2 0 0.659288409112212 0.911507917682683
0

0101000
+154 0 -156 0 *
Ve
1e-07
0.800000000000002 18.6 12.6950777862918
0 0

0101101
*
Ed
 1e-07 1 1 0
1  12 0 5.62389689806737 5.68427992513274
2  17 5 3 5.62389689806737 5.68427992513274
2  18 2 0 5.62389689806737 5.68427992513274
0

0101000
+154 0 -152 0 *
Ve
1e-07
2.6 18.6 12.6950777862918
0 0

0101101
*
Ed
 1e-07 1 1 0
1  13 0 -21.2 -19.4
2  19 4 3 -21.2 -19.4
2  20 2 0 -21.2 -19.4
0

0101000
+152 0 -150 0 *
Ve
1e-07
4.75 20.75 8.74999999999999
0 0

0101101
*
Ed
 1e-07 1 1 0
1  14 0 5.68427992513274 5.88412435860345
2  21 3 3 5.68427992513274 5.88412435860345
2  22 2 0 5.68427992513274 5.88412435860345
0

0101000
+150 0 -148 0 *
Ed
 1e-07 1 1 0
1  15 0 -17.25 -1.4210854715202e-14
2  23 7 3 -17.25 -1.4210854715202e-14
2  24 2 0 -17.25 -1.4210854715202e-14
0

0101000
+148 0 -160 0 *
Wi

0101100
-159 15 +173 0 -164 0 +157 0 -155 0 +153 0 -151 0 -149 0 -147 0 -146 0 
*
Fa
0  1e-07 2 0

0101000
+145 0 *
Ve
1e-07
22 -20.7499999999999 8.75000000000042
0 0

0101101
*
Ed
 1e-07 1 1 0
1  8 0 1.96985727537099 2.74253170501364
2  9 2 16 1.96985727537099 2.74253170501364
2  10 2 18 1.96985727537099 2.74253170501364
0

0101000
+172 16 -143 16 *
Ve
1e-07
22 -20.7499999999999 -8.7500000000004
0 0

0101101
*
Ed
 1e-07 1 1 0
1  16 0 11.9999999999996 29.5000000000004
0

0101000
+141 12 -143 12 *
Ve
1e-07
22 20.7500000000001 -8.74999999999962
0 0

0101101
*
Ed
 1e-07 1 1 0
1  17 0 12.0000000000004 29.4999999999996
0

0101000
+160 12 -139 12 *
Ve
1e-07
22 -8.74999999999915 -20.7500000000002
0 0

0101101
*
Ed
 1e-07 1 1 0
1  8 0 3.54065360216594 4.31332803180859
2  9 2 16 3.54065360216594 4.31332803180859
