<?xml version='1.0' encoding='utf-8'?>
<!-- FreeCAD DocumentObject -->
<Document SchemaVersion="4" FileVersion="2">
<Object name="Pocket101">
  <Properties Count="43" TransientCount="2">
    <_Property name="_Body" type="App::PropertyLinkHidden" status="251658241"/>
    <_Property name="_ElementMapVersion" type="App::PropertyString" status="234881024"/>
    <Property name="AddSubShape" type="Part::PropertyPartShape">
      <Part HasherIndex="0" ElementMap="1.15.70200.4" brep="1">
<![CDATA[

CASCADE Topology V1, (c) Matra-Datavision
Locations 5
1
              1               0               0               0 
              0               1               0               0 
              0               0               1               0 
1
-2.22044604925031e-16 -1.11022302462516e-16               1              22 
              1 -1.11022302462516e-16 2.22044604925031e-16 2.57968623498606e-30 
1.11022302462516e-16               1 1.11022302462516e-16 7.32747196252603e-15 
2  1 1 2 1 0
1
              1               0               0              -5 
              0               1               0 -5.55111512312578e-16 
              0               0               1 -5.55111512312578e-16 
2  1 1 2 1 4 1 0
Curve2ds 0
Curves 10
1 22 7.8464477210414465 -5.4632253160314841 -1 -1.1102230246251565e-16 -1.1102230246251565e-16 
1 21.999999999999996 7.6205217280799395 5.7741857681128836 -1 -1.1102230246251565e-16 -1.1102230246251565e-16 
1 7.8464477210414456 -5.4632253160314921 0 -0.020100746078492354 0.99979795959338102 0 
1 22 -3.1367062810815654 9.0318683780840008 -1 -1.1102230246251565e-16 -1.1102230246251565e-16 
1 7.6205217280799404 5.7741857681128756 0 -0.95707583658778184 0.28983761491531346 0 
1 22.000000000000004 -9.5591128225115192 -0.19218412854036729 -1 -1.1102230246251565e-16 -1.1102230246251565e-16 
1 -3.136706281081564 9.0318683780839937 0 -0.57140465074383073 -0.82066846235755941 0 
1 22 -2.7711503455253812 -9.1506447016184822 -1 -1.1102230246251565e-16 -1.1102230246251565e-16 
1 -9.5591128225115192 -0.19218412854037309 0 0.60392834109827009 -0.79703861814738408 0 
1 -2.7711503455253821 -9.1506447016184893 0 0.94465289231194605 0.32807150599629187 0 
Polygon3D 0
PolygonOnTriangulations 0
Surfaces 6
1 22 7.8464477210414465 -5.4632253160314841 -1.1323150258223098e-16 0.99979795959338102 0.020100746078492465 -1.0653660924968518e-16 -0.020100746078492465 0.99979795959338102 1 1.110671599128157e-16 1.0879112223132415e-16 
1 21.999999999999996 7.6205217280799395 5.7741857681128836 -1.3843520235735597e-16 0.28983761491531335 0.95707583658778184 1.8033508667028577e-16 -0.95707583658778184 0.28983761491531335 1 2.1271808281266873e-16 8.0225095703303388e-17 
1 22 -3.1367062810815649 9.0318683780840008 2.7673842285938932e-17 -0.82066846235755952 0.57140465074383062 2.1798982217604801e-16 -0.57140465074383062 -0.82066846235755952 1 1.4727144780254155e-16 1.6308440998867834e-16 
1 22.000000000000004 -9.5591128225115192 -0.19218412854036682 1.5553857748936188e-16 -0.79703861814738408 -0.60392834109827032 -4.5609967363930568e-17 0.60392834109827032 -0.79703861814738408 1 1.5151540479837564e-16 5.7581249718440567e-17 
1 22 -2.7711503455253812 -9.1506447016184822 6.8454285164293744e-17 0.32807150599629192 -0.94465289231194594 -2.4617833223274753e-16 0.94465289231194594 0.32807150599629192 1 2.1009517314244663e-16 1.454296346708498e-16 
1 22 5.176235363406687e-13 1.482320063521739e-12 1 2.6706897396866515e-16 9.2751232974375617e-17 -2.6706897396866515e-16 1 0 -9.2751232974375617e-17 -2.4770976624795121e-32 1 
Triangulations 0

TShapes 29
Ve
1e-07
7.84644772104145 -5.46322531603149 0
0 0

0101101
*
Ed
 1e-07 1 1 0
1  1 0 0 5
0

0101000
+29 3 -29 5 *
Ve
1e-07
7.62052172807994 5.77418576811288 0
0 0

0101101
*
Ed
 1e-07 1 1 0
1  2 0 0 5
0

0101000
+27 3 -27 5 *
Ed
 1e-07 1 1 0
1  3 0 0 11.2396819540566
0

0101000
+29 0 -27 0 *
Wi

0101100
+28 0 -26 0 -25 3 +25 5 *
Fa
0  1e-07 1 0

0111000
+24 0 *
Ve
1.00000000222045e-07
-3.13670628108156 9.03186837808399 0
0 0

0101101
*
Ed
 1.00000000222045e-07 1 1 0
1  4 0 0 5
0

0101000
+22 3 -22 5 *
Ed
 1e-07 1 1 0
1  5 0 0 11.2396819540589
0

0101000
+27 0 -22 0 *
Wi

0101100
+26 0 -21 0 -20 3 +20 5 *
Fa
0  1e-07 2 0

0111000
+19 0 *
Ve
1.00000000471845e-07
-9.55911282251152 -0.192184128540374 0
0 0

0101101
*
Ed
 1.00000000471845e-07 1 1 0
1  6 0 0 5
0

0101000
+17 3 -17 5 *
Ed
 1e-07 1 1 0
1  7 0 0 11.2396819540575
0

0101000
+22 0 -17 0 *
Wi

0101100
+21 0 -16 0 -15 3 +15 5 *
Fa
0  1e-07 3 0

0111000
+14 0 *
Ve
1e-07
-2.77115034552538 -9.15064470161849 0
0 0

0101101
*
Ed
 1e-07 1 1 0
1  8 0 0 5
0

0101000
+12 3 -12 5 *
Ed
 1e-07 1 1 0
1  9 0 0 11.2396819540575
0

0101000
+17 0 -12 0 *
Wi

0101100
+16 0 -11 0 -10 3 +10 5 *
Fa
0  1e-07 4 0

0111000
+9 0 *
Ed
 1e-07 1 1 0
1  10 0 0 11.2396819540575
0

0101000
+12 0 -29 0 *
Wi

0101100
+11 0 -28 0 -7 3 +7 5 *
Fa
0  1e-07 5 0

0111000
+6 0 *
Wi

0101100
+25 0 +20 0 +15 0 +10 0 +7 0 *
Fa
0  1e-07 6 0

0111000
+4 3 *
Sh

0101100
+23 0 +18 0 +13 0 +8 0 +5 0 +3 0 -3 4 *
So

1100000
+2 0 *

+1 0 ]]>
      </Part>
      <ElementMap new="1" count="1"><Element key="Dummy" value="Dummy"/></ElementMap>
      <ElementMap2 count="37">
<![CDATA[
637 PostfixCount 11
Edge
Face
Vertex
;:G;XTR;:H162f:7,F
;FAC;:H162f:4,F
;:G;XTR;:H162f:7,E
;:G0;XTR;:H162f:8,F
;:U;XTR;:H162f:7,E
;:U;XTR;:H162f:7,V
;SKT;:H162f,E
;SKT;:H162f,V

MapCount 1

ElementMap 1 637 3

Edge

ChildCount 0

NameCount 16
0
$#19dc6.6 0
$#19dc7.6 0
;g3.a 0
$#19dd2.8 0
$#19dc8.6 0
;g4.a 0
$#19dd3.8 0
$#19dc9.6 0
;g5.a 0
$#19dd4.8 0
$#19dca.6 0
;g6.a 0
$#19dd5.8 0
;g7.a 0
$#19dd6.8 0

Face

ChildCount 0

NameCount 8
0
$#19dc4.4 0
$#19dcb.4 0
$#19dcc.4 0
$#19dcd.4 0
$#19dce.4 0
$#19dc4.5 0
$#19dd0.7 0

Vertex

ChildCount 0

NameCount 11
0
;g3v1.b ;g7v2.b 0
$#19dd8.9 0
;g3v2.b ;g4v1.b 0
$#19dd9.9 0
;g4v2.b ;g5v1.b 0
$#19dda.9 0
;g5v2.b ;g6v1.b 0
$#19ddb.9 0
;g6v2.b ;g7v1.b 0
$#19ddc.9 0

EndMap
]]>
      </ElementMap2>
    </Property>
    <Property name="AddSubType" type="App::PropertyEnumeration">
      <Integer value="1"/>
    </Property>
    <Property name="AllowMultiFace" type="App::PropertyBool">
      <Bool value="true"/>
    </Property>
    <Property name="AutoTaperInnerAngle" type="App::PropertyBool">
      <Bool value="true"/>
    </Property>
    <Property name="BaseFeature" type="App::PropertyLink" status="8">
      <Link value="PolarPattern034"/>
    </Property>
    <Property name="CheckUpToFaceLimits" type="App::PropertyBool">
      <Bool value="true"/>
    </Property>
    <Property name="ClaimChildren" type="App::PropertyBool" status="134217728">
      <Bool value="false"/>
    </Property>
    <Property name="ColoredElements" type="App::PropertyLinkSubHidden" status="218103808">
      <LinkSub value="" count="0">
      </LinkSub>
    </Property>
    <Property name="ExpressionEngine" type="App::PropertyExpressionEngine" status="67108864">
      <ExpressionEngine count="0"></ExpressionEngine>
    </Property>
    <Property name="Fit" type="App::PropertyDistance">
      <Float value="0"/>
    </Property>
    <Property name="FitJoin" type="App::PropertyEnumeration">
      <Integer value="0"/>
    </Property>
    <Property name="FixShape" type="App::PropertyEnumeration">
      <Integer value="0"/>
    </Property>
    <Property name="InnerFit" type="App::PropertyDistance">
      <Float value="0"/>
    </Property>
    <Property name="InnerFitJoin" type="App::PropertyEnumeration">
      <Integer value="0"/>
    </Property>
    <Property name="InvalidShape" type="App::PropertyBool" status="67108864">
      <Bool value="false"/>
    </Property>
    <Property name="Label" type="App::PropertyString" status="134217728">
      <String value="Pocket101"/>
    </Property>
    <Property name="Label2" type="App::PropertyString" status="128">
      <String value=""/>
    </Property>
    <Property name="Length" type="App::PropertyLength">
      <Float value="5"/>
    </Property>
    <Property name="Length2" type="App::PropertyLength">
      <Float value="100"/>
    </Property>
    <Property name="Linearize" type="App::PropertyBool">
      <Bool value="true"/>
    </Property>
    <Property name="Midplane" type="App::PropertyBool">
      <Bool value="false"/>
    </Property>
    <Property name="NewSolid" type="App::PropertyBool">
      <Bool value="false"/>
    </Property>
    <Property name="Offset" type="App::PropertyLength">
      <Float value="0"/>
    </Property>
    <Property name="Placement" type="App::PropertyPlacement" status="8388620">
      <PropertyPlacement Px="0" Py="0" Pz="0" Q0="0" Q1="0" Q2="0" Q3="1" A="0" Ox="0" Oy="0" Oz="1"/>
    </Property>
    <Property name="Profile" type="App::PropertyLinkSub">
      <LinkSub value="Sketch186" count="1">
        <Sub value=""/>
      </LinkSub>
    </Property>
    <Property name="Refine" type="App::PropertyBool">
      <Bool value="false"/>
    </Property>
    <Property name="Reversed" type="App::PropertyBool">
      <Bool value="false"/>
    </Property>
    <Property name="Shape" type="Part::PropertyPartShape">
      <Part HasherIndex="0" ElementMap="1.15.70200.4" brep="1">
<![CDATA[

CASCADE Topology V1, (c) Matra-Datavision
Locations 84
1
              1               0               0               0 
              0               1               0               0 
              0               0               1               0 
1
              1               0               0               0 
              0               1               0               0 
              0               0               1               0 
2  1 1 2 1 0
1
              1               0               0               0 
              0               1               0               0 
              0               0               1               0 
1
              1               0               0               0 
              0               1               0               0 
              0               0               1               0 
2  4 1 5 1 0
1
              1               0               0               0 
              0               1               0               0 
              0               0               1               0 
1
              1               0               0               0 
              0 1.11022302462516e-16              -1               0 
              0               1 1.11022302462516e-16               0 
2  7 1 8 1 5 1 0
2  5 -1 8 -1 7 -1 0
1
              1               0               0               0 
              0               1               0               0 
              0               0               1               0 
1
              0 -3.33066907387547e-16               1               0 
              1 3.33066907387547e-16 1.10933564796705e-31               0 
-3.33066907387547e-16               1 3.33066907387547e-16               0 
1
              1               0               0              22 
              0               1               0 -7.32747196252603e-15 
              0               0               1 7.32747196252603e-15 
2  11 1 12 1 13 1 4 1 5 1 0
2  5 -1 4 -1 13 -1 12 -1 11 -1 0
1
              1               0               0               0 
              0               1               0               0 
              0               0               1               0 
1
-2.22044604925031e-16 -1.11022302462516e-16               1              22 
              1 -1.11022302462516e-16 2.22044604925031e-16 2.57968623498606e-30 
1.11022302462516e-16               1 1.11022302462516e-16 7.32747196252603e-15 
2  16 1 17 1 0
2  17 -1 16 -1 0
1
              1               0               0 -136.121623557758 
              0               1               0 -1.51125360623181e-14 
              0               0               1 -1.51125360623181e-14 
2  20 -1 17 -1 16 -1 0
2  13 1 4 1 5 1 1 1 2 1 0
2  11 1 12 1 13 1 4 1 5 1 1 1 2 1 0
2  16 1 17 1 1 1 2 1 0
1
              1               0               0               0 
              0               1               0               0 
              0               0               1               0 
1
-2.22044604925031e-16 -1.11022302462516e-16               1              22 
              1 -1.11022302462516e-16 2.22044604925031e-16 2.57968623498606e-30 
1.11022302462516e-16               1 1.11022302462516e-16 7.32747196252603e-15 
1
              1               0               0               0 
              0               1               0               0 
              0               0               1               0 
1
              1               0               0               0 
              0 -0.809016994374947 -0.587785252292473               0 
              0 0.587785252292473 -0.809016994374947               0 
2  25 1 26 1 27 1 28 1 2 1 0
1
-2.22044604925031e-16 -1.11022302462516e-16               1              22 
              1 -1.11022302462516e-16 2.22044604925031e-16 2.57968623498606e-30 
1.11022302462516e-16               1 1.11022302462516e-16 7.32747196252603e-15 
1
              1               0               0               0 
              0               1               0               0 
              0               0               1               0 
2  30 -1 31 -1 0
1
              1               0               0              -5 
              0               1               0 -5.55111512312578e-16 
              0               0               1 -5.55111512312578e-16 
2  33 -1 30 -1 31 -1 0
2  26 -1 25 -1 0
1
              1               0               0              -5 
              0               1               0 -5.55111512312578e-16 
              0               0               1 -5.55111512312578e-16 
2  36 -1 26 -1 25 -1 0
2  28 -1 27 -1 26 -1 25 -1 0
1
              1               0               0               0 
              0 -0.809016994374948 0.587785252292473               0 
              0 -0.587785252292473 -0.809016994374948               0 
2  25 1 26 1 27 1 39 1 2 1 0
2  39 -1 27 -1 26 -1 25 -1 0
1
              1               0               0               0 
              0 0.309016994374947 0.951056516295154               0 
              0 -0.951056516295154 0.309016994374947               0 
2  25 1 26 1 27 1 42 1 2 1 0
2  42 -1 27 -1 26 -1 25 -1 0
1
              1               0               0               0 
              0               1               0               0 
              0               0               1               0 
1
-2.22044604925031e-16 -1.11022302462516e-16               1              22 
              1 -1.11022302462516e-16 2.22044604925031e-16 2.57968623498606e-30 
1.11022302462516e-16               1 1.11022302462516e-16 7.32747196252603e-15 
2  45 1 46 1 0
2  46 -1 45 -1 0
1
              1               0               0               0 
              0 0.309016994374948 -0.951056516295154               0 
              0 0.951056516295154 0.309016994374948               0 
2  25 1 26 1 27 1 49 1 2 1 0
2  49 -1 27 -1 26 -1 25 -1 0
2  25 1 26 1 1 1 2 1 0
1
              1               0               0               0 
              0              -1 -1.22464679914735e-16               0 
              0 1.22464679914735e-16              -1               0 
2  7 1 53 1 5 1 0
2  5 -1 4 -1 0
1
              1               0               0               0 
              0 -2.22044604925031e-16               1               0 
              0              -1 -2.22044604925031e-16               0 
2  7 1 56 1 5 1 0
2  5 -1 56 -1 7 -1 0
2  5 -1 53 -1 7 -1 0
2  27 1 28 1 0
2  28 -1 27 -1 0
2  25 1 26 1 36 1 0
2  25 1 26 1 27 1 28 1 0
2  25 1 26 1 36 1 27 1 28 1 0
2  27 1 39 1 0
2  39 -1 27 -1 0
2  25 1 26 1 27 1 39 1 0
2  25 1 26 1 36 1 27 1 39 1 0
2  27 1 42 1 0
2  42 -1 27 -1 0
2  25 1 26 1 27 1 42 1 0
2  25 1 26 1 36 1 27 1 42 1 0
1
              1               0               0              -5 
              0               1               0 -5.55111512312578e-16 
              0               0               1 -5.55111512312578e-16 
2  45 1 46 1 73 1 0
2  27 1 49 1 0
2  49 -1 27 -1 0
2  25 1 26 1 27 1 49 1 0
2  25 1 26 1 36 1 27 1 49 1 0
2  25 1 26 1 0
2  36 1 27 1 28 1 2 1 0
2  36 1 27 1 39 1 2 1 0
2  36 1 27 1 42 1 2 1 0
2  36 1 27 1 49 1 2 1 0
2  36 1 1 1 2 1 0
Curve2ds 80
8 -18.974999999999991 6.0000000701165845e-07
1 29.500000000000004 -21.999999999999996 2.2204460492503126e-16 -1 
8 -18.974999999999991 6.0000000701165845e-07
1 1.1717353782187623 -6.4115379672102767e-15 0 1 
8 -18.974999999999998 6.0000000345894478e-07
1 11.999999999999996 -22.000000000000004 2.2204460492503126e-16 -1 
8 -18.974999999999998 6.0000000345894478e-07
1 1.9698572753710302 -3.1918911957973219e-15 0 1 
3 29.344931419241725 -20.749999999999989 -1 -7.8504622934188687e-16 7.8504622934188687e-16 -1 31.847291878588369 22.519436049777092
7 0 0  5 6 2  1.197070551961908 -17.034999999999989  1.1486883488789277 -17.432776379850651  1.1003061457959493 -17.891897212845748  1.0519239427129694 -18.410423446183273  1.0035417396299866 -18.98581409622405  0.95515953654700636 -19.614999999999988 
 0.37372577483298769 6 0.6156367902478892 6
3 29.344931419241725 -20.749999999999989 -1 -7.8504622934188687e-16 7.8504622934188687e-16 -1 31.847291878588369 22.519436049777092
7 0 0  5 6 2  2.1864331170427862 -19.615000000000006  2.1380509139598058 -18.985814096224065  2.089668710876829 -18.410423446183302  2.0412865077938456 -17.891897212845691  1.9929043047108645 -17.432776379850655  1.9445221016278842 -17.034999999999993 
 5.6675485169316957 6 5.9094595323465979 6
1 0 0 1 0 
1 0 -136.12162355775808 1 0 
8 -21.379999999999988 -19.219999999999985
1 -19.399999999999988 -33.44507778629184 -1 -5.5511151231257788e-16 
8 -21.379999999999988 -19.219999999999985
1 0.97189094474804527 1.3311746785520015e-15 0 1 
3 26.304372260139555 -20.749999999999982 -1 -7.8504622934188716e-16 7.8504622934188716e-16 -1 31.847291878588347 22.519436049777092
7 0 0  5 6 2  0.97822200491434774 -21.119999999999983  0.96372359652311412 -21.302347445474656  0.94922518813188184 -21.489603150670035  0.93472677974065022 -21.681687261669651  0.92022837134941327 -21.878515623281757  0.90572996295817965 -22.079999999999988 
 0.59257432188054782 6 0.66506636383671602 6
2 5.5698417765531885e-15 4.8849813083506856e-15 1.1102230246251573e-16 -1 1 1.1102230246251573e-16 22.519436049777092
1 0 -22 1 0 
3 26.304372260139573 -20.749999999999989 -1 -3.1401849173675449e-16 3.1401849173675449e-16 -1 31.847291878588347 22.519436049777092
7 0 0  5 6 2  0.66506636383671547 -22.079999999999998  0.65056795544548185 -21.878515623281768  0.6360695470542499 -21.68168726166968  0.62157113866301206 -21.489603150670007  0.60707273027178121 -21.30234744547467  0.59257432188054759 -21.119999999999997 
 5.6181189433428704 6 5.6906109852990383 6
8 -21.379999999999999 -19.219999999999999
1 -19.399999999999999 -8.0549222137081813 -1 -2.2204460492503096e-16 
8 -21.379999999999999 -19.219999999999999
1 0.59890538204684984 5.5394664173804366e-15 0 1 
3 29.344931419241739 -20.749999999999993 -1 -3.1401849173675429e-16 3.1401849173675429e-16 -1 31.847291878588369 22.519436049777092
7 0 0  5 6 2  0.6156367902478892 -19.615000000000002  0.56725458716490873 -18.985814096224061  0.5188723840819307 -18.410423446183302  0.47049018099894901 -17.891897212845748  0.42210797791596744 -17.432776379850651  0.37372577483298697 -17.034999999999989 
 5.6675485169316966 6 5.9094595323465988 6
8 -18.975000000000005 5.9999998569537638e-07
1 11.99999999999998 -22.000000000000011 2.2204460492503106e-16 -1 
8 -18.975000000000005 5.9999998569537638e-07
1 0.39906094857613433 1.2684298056342413e-14 0 1 
1 0 0 1 0 
1 0 -5 1 0 
1 0 0 1 0 
1 0 -5 1 0 
8 -18.975000000000005 6.0000001056437213e-07
1 29.499999999999986 -21.999999999999996 -2.2204460492503106e-16 -1 
8 -18.975000000000005 6.0000001056437213e-07
1 2.7425317050136595 -1.074140776324839e-14 0 1 
3 29.344931419241718 -20.75 -1 -6.2803698347350997e-16 6.2803698347350997e-16 -1 31.847291878588358 22.519436049777092
7 0 0  5 6 2  2.7678668787568048 -17.034999999999993  2.7194846756738245 -17.432776379850651  2.671102472590853 -17.891897212845748  2.6227202695078624 -18.410423446183302  2.5743380664248838 -18.98581409622405  2.5259558633419035 -19.614999999999988 
 0.37372577483298763 6 0.61563679024788864 6
8 -21.379999999999988 -19.219999999999992
1 -19.399999999999991 -33.44507778629184 -1 -4.4408920985006252e-16 
8 -21.379999999999988 -19.219999999999992
1 2.5426872715429423 -2.7205928858307247e-15 0 1 
3 26.304372260139552 -20.749999999999996 -1 -6.2803698347351007e-16 6.2803698347351007e-16 -1 31.847291878588337 22.519436049777092
7 0 0  5 6 2  2.5490183317092447 -21.119999999999987  2.5345199233180109 -21.302347445474659  2.5200215149267855 -21.489603150670007  2.5055231065355414 -21.68168726166968  2.4910246981443103 -21.878515623281764  2.4765262897530764 -22.079999999999995 
 0.59257432188054748 6 0.6650663638367158 6
2 5.5698417765531885e-15 4.8849813083506856e-15 1.1102230246251573e-16 -1 1 1.1102230246251573e-16 22.519436049777092
1 0 -22 1 0 
3 26.304372260139555 -20.749999999999982 -1 -7.8504622934188716e-16 7.8504622934188716e-16 -1 31.847291878588347 22.519436049777092
7 0 0  5 6 2  2.2358626906316124 -22.079999999999998  2.221364282240379 -21.878515623281768  2.2068658738491571 -21.681687261669708  2.1923674654579095 -21.489603150670035  2.1778690570666779 -21.30234744547467  2.1633706486754445 -21.119999999999997 
 5.6181189433428695 6 5.6906109852990374 6
8 -21.380000000000003 -19.220000000000002
1 -19.400000000000002 -8.0549222137081795 -1 -5.5511151231257788e-16 
8 -21.380000000000003 -19.220000000000002
1 2.169701708841747 2.7988549730535851e-15 0 1 
2 5.5698417765531885e-15 4.8849813083506856e-15 1.1102230246251573e-16 -1 1 1.1102230246251573e-16 22.519436049777092
1 0 -22 1 0 
2 5.5698417765531885e-15 4.8849813083506856e-15 1.1102230246251573e-16 -1 1 1.1102230246251573e-16 22.519436049777092
1 0 -22 1 0 
3 26.304372260139573 -20.749999999999989 -1 -3.1401849173675449e-16 3.1401849173675449e-16 -1 31.847291878588347 22.519436049777092
7 0 0  5 6 2  5.6906109852990383 -21.119999999999994  5.6761125769078049 -21.302347445474666  5.6616141685165715 -21.489603150670035  5.6471157601253452 -21.681687261669651  5.6326173517341029 -21.878515623281764  5.6181189433428695 -22.079999999999995 
 0.59257432188054771 6 0.66506636383671569 6
8 -21.379999999999988 -19.219999999999992
1 -19.399999999999991 -33.445077786291826 -1 -2.2204460492503096e-16 
8 -21.379999999999988 -19.219999999999992
1 5.6842799251327358 2.7205928858307255e-15 0 1 
3 29.344931419241739 -20.749999999999993 -1 -3.1401849173675429e-16 3.1401849173675429e-16 -1 31.847291878588369 22.519436049777092
7 0 0  5 6 2  5.9094595323465988 -17.034999999999986  5.861077329263618 -17.432776379850647  5.8126951261806497 -17.891897212845663  5.7643129230976697 -18.410423446183358  5.7159307200146774 -18.985814096224047  5.6675485169316966 -19.614999999999988 
 0.37372577483298658 6 0.61563679024788898 6
8 -18.974999999999998 5.9999998924809006e-07
1 29.500000000000021 -22.000000000000004 2.2204460492503106e-16 -1 
8 -18.974999999999998 5.9999998924809006e-07
1 5.8841243586034508 1.0741407763248383e-14 0 1 
8 -18.974999999999998 6.0000001411708581e-07
1 12.000000000000012 -21.999999999999989 -2.2204460492503106e-16 -1 
8 -18.974999999999998 6.0000001411708581e-07
1 3.5406536021659258 -1.2684298056342413e-14 0 1 
8 -18.975000000000012 5.9999999280080374e-07
1 29.500000000000004 -22.000000000000004 -2.2204460492503126e-16 -1 
8 -18.975000000000012 5.9999999280080374e-07
1 4.3133280318085552 6.4115379672102767e-15 0 1 
3 29.344931419241732 -20.750000000000004 -1 -1.5700924586837739e-16 1.5700924586837739e-16 -1 31.847291878588358 22.519436049777092
7 0 0  5 6 2  4.3386632055517023 -17.034999999999986  4.2902810024687215 -17.432776379850647  4.2418987993857442 -17.891897212845777  4.1935165963027714 -18.410423446183245  4.1451343932197808 -18.985814096224054  4.0967521901368 -19.614999999999995 
 0.37372577483298636 6 0.61563679024788864 6
8 -21.379999999999995 -19.219999999999992
1 -19.399999999999995 -33.445077786291819 -1 -1.1102230246251549e-16 
8 -21.379999999999995 -19.219999999999992
1 4.1134835983378393 -1.3311746785519991e-15 0 1 
3 26.304372260139559 -20.75 -1 -1.5700924586837722e-16 1.5700924586837722e-16 -1 31.847291878588337 22.519436049777092
7 0 0  5 6 2  4.1198146585041417 -21.119999999999987  4.1053162501129083 -21.302347445474659  4.0908178417216803 -21.489603150670064  4.0763194333304398 -21.681687261669623  4.0618210249392064 -21.878515623281761  4.047322616547973 -22.079999999999991 
 0.59257432188054759 6 0.66506636383671569 6
3 26.304372260139552 -20.749999999999996 -1 -6.2803698347351007e-16 6.2803698347351007e-16 -1 31.847291878588337 22.519436049777092
7 0 0  5 6 2  3.8066590174265089 -22.080000000000013  3.7921606090352755 -21.878515623281782  3.7776622006440448 -21.681687261669765  3.7631637922528114 -21.489603150670035  3.7486653838615744 -21.302347445474684  3.734166975470341 -21.120000000000012 
 5.6181189433428695 6 5.6906109852990374 6
8 -21.379999999999999 -19.219999999999999
1 -19.399999999999999 -8.0549222137081955 -1 -4.4408920985006252e-16 
8 -21.379999999999999 -19.219999999999999
1 3.7404980356366426 -5.5394664173804374e-15 0 1 
3 29.344931419241718 -20.75 -1 -6.2803698347350997e-16 6.2803698347350997e-16 -1 31.847291878588358 22.519436049777092
7 0 0  5 6 2  3.7572294438376819 -19.615000000000002  3.7088472407547015 -18.985814096224065  3.6604650376717203 -18.410423446183302  3.6120828345887546 -17.891897212845748  3.5637006315057609 -17.432776379850665  3.5153184284227805 -17.035000000000004 
 5.6675485169316966 6 5.9094595323465979 6
3 26.304372260139559 -20.75 -1 -1.5700924586837722e-16 1.5700924586837722e-16 -1 31.847291878588337 22.519436049777092
7 0 0  5 6 2  5.3774553442214046 -22.079999999999998  5.3629569358301712 -21.878515623281768  5.3484585274389573 -21.681687261669623  5.3339601190477026 -21.489603150670064  5.319461710656471 -21.30234744547467  5.3049633022652376 -21.119999999999997 
 5.6181189433428704 6 5.6906109852990383 6
8 -21.379999999999995 -19.219999999999995
1 -19.399999999999995 -8.0549222137082008 -1 -1.1102230246251549e-16 
8 -21.379999999999995 -19.219999999999995
1 5.3112943624315383 -2.7988549730535914e-15 0 1 
3 29.344931419241732 -20.750000000000004 -1 -1.5700924586837739e-16 1.5700924586837739e-16 -1 31.847291878588358 22.519436049777092
7 0 0  5 6 2  5.3280257706325784 -19.614999999999998  5.2796435675495976 -18.985814096224058  5.2312613644666257 -18.410423446183302  5.1828791613836387 -17.891897212845691  5.1344969583006561 -17.432776379850655  5.0861147552176753 -17.034999999999993 
 5.6675485169316975 6 5.9094595323465997 6
8 -18.975000000000005 5.9999999635351742e-07
1 11.999999999999996 -21.999999999999996 -2.2204460492503126e-16 -1 
8 -18.975000000000005 5.9999999635351742e-07
1 5.1114499289608233 3.1918911957973219e-15 0 1 
1 1.95476876223365 0 0 -1 
1 3.1255842638648121 0 0 -1 
Curves 63
1 4.7499999999999982 20.750000000000007 20.749999999999996 3.3306690738754672e-16 -3.3306690738754681e-16 -1 
1 21.999999999999989 8.7500000000000107 20.750000000000004 1 2.2204460492503128e-16 1.110223024625157e-16 
1 -20.75 20.75 0 1 0 0 
1 21.999999999999996 -8.7499999999999964 20.750000000000011 1 2.2204460492503128e-16 1.110223024625157e-16 
1 2.5999999999999988 18.600000000000009 20.749999999999996 3.3306690738754672e-16 -3.3306690738754681e-16 -1 
3 -16 -8.437694987151185e-15 3.108624468950432e-15 -0.70710678118654746 5.4953236053932098e-16 0.70710678118654768 0.70710678118654768 8.6355085227607557e-16 0.70710678118654746 -2.2204460492503116e-16 1 -9.992007221626401e-16 31.847291878588369 22.519436049777092
3 -16 -8.437694987151185e-15 3.108624468950432e-15 -0.70710678118654746 5.4953236053932098e-16 0.70710678118654768 0.70710678118654768 8.6355085227607557e-16 0.70710678118654746 -2.2204460492503116e-16 1 -9.992007221626401e-16 31.847291878588369 22.519436049777092
2 0 0 0 0 0 1 1 0 -0 -0 1 0 22.519436049777092
1 21.999999999999996 12.695077786291838 18.599999999999994 1 2.2204460492503128e-16 1.110223024625157e-16 
3 -17.799999999999976 -8.837375276016236e-15 2.9087843245179065e-15 -0.70710678118654791 5.4953236053932098e-16 0.70710678118654724 0.70710678118654724 8.6355085227607616e-16 0.70710678118654791 -2.2204460492503096e-16 1 -9.9920072216264049e-16 31.847291878588347 22.519436049777092
2 0 -4.8849813083506856e-15 4.8849813083506825e-15 1 2.2204460492503128e-16 1.110223024625157e-16 -2.2204460492503131e-16 1 1.1102230246251565e-16 -1.1102230246251568e-16 -1.1102230246251568e-16 1 22.519436049777092
3 -17.79999999999999 -8.8373752760162391e-15 2.9087843245179049e-15 -0.70710678118654791 0.70710678118654724 -4.7102773760513218e-16 0.70710678118654724 0.70710678118654791 -3.1401849173675479e-16 1.1102230246251583e-16 -5.5511151231257778e-16 -1 31.847291878588347 22.519436049777092
1 22 18.600000000000005 12.695077786291822 1 2.2204460492503128e-16 1.110223024625157e-16 
3 -16.000000000000007 -8.4376949871511866e-15 3.1086244689504312e-15 -0.70710678118654746 0.70710678118654768 -4.7102773760513228e-16 0.70710678118654768 0.70710678118654746 -3.1401849173675449e-16 1.1102230246251578e-16 -5.5511151231257778e-16 -1 31.847291878588369 22.519436049777092
1 22.000000000000007 20.749999999999996 8.7500000000000195 1 2.2204460492503128e-16 1.110223024625157e-16 
1 -20.75 -20.75 0 0 1 0 
1 20.75 20.75 0 0 -1 0 
1 20.75 -20.75 0 -1 0 0 
2 -3.4735512759065762e-30 3.5493034939396561e-30 0 0 0 1 1 0 -0 -0 1 0 19.552505292504851
1 -7.3244974003718406 18.128767223542159 0 0.37460659341591224 -0.92718385456678731 0 
1 -19.550000000000001 0.31299075614171928 0 1 0 0 
1 -10.6753633577112 0.31299075614171928 0 0.5714046507439795 0.82066846235745583 0 
1 7.8464477210414456 -5.4632253160314921 0 -0.020100746078492354 0.99979795959338102 0 
1 7.6205217280799404 5.7741857681128756 0 -0.95707583658778184 0.28983761491531346 0 
1 -3.136706281081564 9.0318683780839937 0 -0.57140465074383073 -0.82066846235755941 0 
1 -9.5591128225115192 -0.19218412854037309 0 0.60392834109827009 -0.79703861814738408 0 
1 -2.7711503455253821 -9.1506447016184893 0 0.94465289231194605 0.32807150599629187 0 
1 21.999999999999993 -20.750000000000004 8.7500000000000018 1 2.2204460492503128e-16 1.110223024625157e-16 
3 -15.999999999999993 -8.4376949871511834e-15 3.1086244689504328e-15 -0.70710678118654746 -0.70710678118654768 5.5762334322868163e-16 0.70710678118654768 -0.70710678118654746 7.1463258909705952e-16 -1.1102230246251605e-16 8.9962079715234492e-16 1 31.847291878588358 22.519436049777092
1 22 -18.599999999999994 12.695077786291836 1 2.2204460492503128e-16 1.110223024625157e-16 
3 -17.799999999999976 -8.837375276016236e-15 2.9087843245179065e-15 -0.70710678118654791 -0.70710678118654724 5.5762334322868143e-16 0.70710678118654724 -0.70710678118654791 7.1463258909705981e-16 -1.1102230246251583e-16 8.9962079715234492e-16 1 31.847291878588337 22.519436049777092
2 0 -4.8849813083506856e-15 4.8849813083506825e-15 1 2.2204460492503128e-16 1.110223024625157e-16 -2.2204460492503131e-16 1 1.1102230246251565e-16 -1.1102230246251568e-16 -1.1102230246251568e-16 1 22.519436049777092
3 -17.799999999999976 -8.837375276016236e-15 2.9087843245179065e-15 -0.70710678118654791 5.4953236053932098e-16 0.70710678118654724 0.70710678118654724 8.6355085227607616e-16 0.70710678118654791 -2.2204460492503096e-16 1 -9.9920072216264049e-16 31.847291878588347 22.519436049777092
1 22.000000000000004 -12.69507778629182 18.600000000000009 1 2.2204460492503128e-16 1.110223024625157e-16 
1 0.79999999999999893 18.600000000000009 20.749999999999993 3.3306690738754672e-16 -3.3306690738754681e-16 -1 
1 -1.0894063429134317e-15 17.800000000000004 20.749999999999993 3.3306690738754672e-16 -3.3306690738754681e-16 -1 
2 0 -4.8849813083506856e-15 4.8849813083506825e-15 1 2.2204460492503128e-16 1.110223024625157e-16 -2.2204460492503131e-16 1 1.1102230246251565e-16 -1.1102230246251568e-16 -1.1102230246251568e-16 1 22.519436049777092
2 0 -4.8849813083506856e-15 4.8849813083506825e-15 1 2.2204460492503128e-16 1.110223024625157e-16 -2.2204460492503131e-16 1 1.1102230246251565e-16 -1.1102230246251568e-16 -1.1102230246251568e-16 1 22.519436049777092
3 -17.79999999999999 -8.8373752760162391e-15 2.9087843245179049e-15 -0.70710678118654791 0.70710678118654724 -4.7102773760513218e-16 0.70710678118654724 0.70710678118654791 -3.1401849173675479e-16 1.1102230246251583e-16 -5.5511151231257778e-16 -1 31.847291878588347 22.519436049777092
1 22 18.599999999999998 -12.695077786291819 1 2.2204460492503128e-16 1.110223024625157e-16 
3 -16.000000000000007 -8.4376949871511866e-15 3.1086244689504312e-15 -0.70710678118654746 0.70710678118654768 -4.7102773760513228e-16 0.70710678118654768 0.70710678118654746 -3.1401849173675449e-16 1.1102230246251578e-16 -5.5511151231257778e-16 -1 31.847291878588369 22.519436049777092
1 22.000000000000007 20.749999999999989 -8.7500000000000195 1 2.2204460492503128e-16 1.110223024625157e-16 
1 21.999999999999993 -20.750000000000011 -8.7499999999999734 1 2.2204460492503128e-16 1.110223024625157e-16 
1 22.000000000000011 -8.7500000000000107 -20.749999999999989 1 2.2204460492503128e-16 1.110223024625157e-16 
3 -16 -8.437694987151185e-15 3.108624468950432e-15 -0.70710678118654746 -6.2803698347350977e-16 -0.70710678118654768 0.70710678118654768 -3.1401849173675479e-16 -0.70710678118654746 2.2204460492503121e-16 -1 6.6613381477509363e-16 31.847291878588358 22.519436049777092
1 22.000000000000004 -12.69507778629182 -18.599999999999994 1 2.2204460492503128e-16 1.110223024625157e-16 
3 -17.799999999999976 -8.837375276016236e-15 2.9087843245179065e-15 -0.70710678118654791 -6.2803698347350957e-16 -0.70710678118654724 0.70710678118654724 -3.1401849173675513e-16 -0.70710678118654791 2.2204460492503116e-16 -1 6.6613381477509353e-16 31.847291878588337 22.519436049777092
3 -17.799999999999976 -8.837375276016236e-15 2.9087843245179065e-15 -0.70710678118654791 -0.70710678118654724 5.5762334322868143e-16 0.70710678118654724 -0.70710678118654791 7.1463258909705981e-16 -1.1102230246251583e-16 8.9962079715234492e-16 1 31.847291878588337 22.519436049777092
1 22 -18.600000000000009 -12.695077786291805 1 2.2204460492503128e-16 1.110223024625157e-16 
3 -15.999999999999993 -8.4376949871511834e-15 3.1086244689504328e-15 -0.70710678118654746 -0.70710678118654768 5.5762334322868163e-16 0.70710678118654768 -0.70710678118654746 7.1463258909705952e-16 -1.1102230246251605e-16 8.9962079715234492e-16 1 31.847291878588358 22.519436049777092
3 -17.799999999999976 -8.837375276016236e-15 2.9087843245179065e-15 -0.70710678118654791 -6.2803698347350957e-16 -0.70710678118654724 0.70710678118654724 -3.1401849173675513e-16 -0.70710678118654791 2.2204460492503116e-16 -1 6.6613381477509353e-16 31.847291878588337 22.519436049777092
1 21.999999999999996 12.695077786291799 -18.600000000000009 1 2.2204460492503128e-16 1.110223024625157e-16 
3 -16 -8.437694987151185e-15 3.108624468950432e-15 -0.70710678118654746 -6.2803698347350977e-16 -0.70710678118654768 0.70710678118654768 -3.1401849173675479e-16 -0.70710678118654746 2.2204460492503121e-16 -1 6.6613381477509363e-16 31.847291878588358 22.519436049777092
1 22.000000000000004 8.7499999999999964 -20.749999999999996 1 2.2204460492503128e-16 1.110223024625157e-16 
1 22 -7.3244974003718468 18.128767223542162 -1 -1.1102230246251565e-16 -1.1102230246251565e-16 
1 22.000000000000004 -19.550000000000001 0.31299075614171973 -1 -1.1102230246251565e-16 -1.1102230246251565e-16 
1 22 -4.0000000000000009 9.9003474136651768 -1 -1.1102230246251565e-16 -1.1102230246251565e-16 
1 22.000000000000004 -10.6753633577112 0.31299075614172545 -1 -1.1102230246251565e-16 -1.1102230246251565e-16 
1 22 7.8464477210414465 -5.4632253160314841 -1 -1.1102230246251565e-16 -1.1102230246251565e-16 
1 21.999999999999996 7.6205217280799395 5.7741857681128836 -1 -1.1102230246251565e-16 -1.1102230246251565e-16 
1 22 -3.1367062810815654 9.0318683780840008 -1 -1.1102230246251565e-16 -1.1102230246251565e-16 
1 22.000000000000004 -9.5591128225115192 -0.19218412854036729 -1 -1.1102230246251565e-16 -1.1102230246251565e-16 
1 22 -2.7711503455253812 -9.1506447016184822 -1 -1.1102230246251565e-16 -1.1102230246251565e-16 
Polygon3D 0
PolygonOnTriangulations 0
Surfaces 21
1 -6.9111383282915963e-15 -20.749999999999993 20.750000000000007 -3.3306690738754672e-16 3.3306690738754681e-16 1 0 1 -3.3306690738754681e-16 -1 -1.1093356479670465e-31 -3.3306690738754672e-16 
2 22 2.5796862349860577e-30 7.3274719625260284e-15 1 2.2204460492503128e-16 1.110223024625157e-16 -2.2204460492503131e-16 1 1.1102230246251565e-16 -1.1102230246251568e-16 -1.1102230246251568e-16 1 22.519436049777092
1 4.7499999999999982 20.750000000000007 20.749999999999996 -0.70710678118654746 0.70710678118654768 -4.7102773760513218e-16 -0.70710678118654768 -0.70710678118654746 0 -3.3306690738754672e-16 3.3306690738754681e-16 1 
1 2.5999999999999988 18.600000000000009 20.749999999999996 0 1 -3.3306690738754681e-16 -1 -1.1093356479670465e-31 -3.3306690738754672e-16 -3.3306690738754672e-16 3.3306690738754681e-16 1 
1 0.79999999999999893 18.600000000000009 20.749999999999993 -0.70710678118654791 0.70710678118654724 -4.7102773760513218e-16 -0.70710678118654724 -0.70710678118654791 2.4651903288156615e-31 -3.3306690738754667e-16 3.3306690738754672e-16 1 
1 -3.0413914418159493e-31 0 -6.8486046820250624e-16 1 1.1725846522663899e-31 3.3306690738754676e-16 -3.3306690738754676e-16 0 1 1.1725846522663899e-31 -1 3.9054914378046843e-47 
1 -6.9111383282915963e-15 20.750000000000007 20.749999999999993 3.3306690738754691e-16 1 -3.3306690738754672e-16 3.3306690738754681e-16 -3.3306690738754681e-16 -1 -1 3.3306690738754681e-16 -3.3306690738754691e-16 
2 22 -8.9386504092051924e-31 7.3274719625260316e-15 1 2.2204460492503128e-16 1.110223024625157e-16 -2.2204460492503131e-16 1 1.1102230246251565e-16 -1.1102230246251568e-16 -1.1102230246251568e-16 1 19.552505292504851
2 22 -8.9386504092051924e-31 7.3274719625260316e-15 1 2.2204460492503128e-16 1.110223024625157e-16 -2.2204460492503131e-16 1 1.1102230246251565e-16 -1.1102230246251568e-16 -1.1102230246251568e-16 1 19.552505292504851
1 6.9111383282915963e-15 -20.750000000000007 -20.749999999999993 -3.3306690738754691e-16 -1 3.3306690738754672e-16 -3.3306690738754681e-16 3.3306690738754681e-16 1 -1 3.3306690738754681e-16 -3.3306690738754691e-16 
1 6.9111383282915963e-15 20.749999999999993 -20.750000000000007 3.3306690738754672e-16 -3.3306690738754681e-16 -1 0 -1 3.3306690738754681e-16 -1 -1.1093356479670465e-31 -3.3306690738754672e-16 
1 22 -7.3244974003718424 18.128767223542166 1.4452777285874903e-16 -0.92718385456678731 -0.37460659341591235 1.9758713302726957e-17 0.37460659341591235 -0.92718385456678731 1 1.2660207325051181e-16 7.2461016605907158e-17 
1 22.000000000000004 -19.550000000000001 0.31299075614172445 1.1102230246251564e-16 1.1102230246251568e-16 -1 -2.2204460492503131e-16 1 1.1102230246251565e-16 1 2.2204460492503131e-16 1.1102230246251568e-16 
1 22.000000000000004 -10.6753633577112 0.31299075614172545 -2.7673842285910916e-17 0.82066846235745594 -0.57140465074397939 -2.1798982217606965e-16 0.57140465074397939 0.82066846235745594 1 1.4727144780256051e-16 1.6308440998868542e-16 
1 22 7.8464477210414465 -5.4632253160314841 -1.1323150258223098e-16 0.99979795959338102 0.020100746078492465 -1.0653660924968518e-16 -0.020100746078492465 0.99979795959338102 1 1.110671599128157e-16 1.0879112223132415e-16 
1 21.999999999999996 7.6205217280799395 5.7741857681128836 -1.3843520235735597e-16 0.28983761491531335 0.95707583658778184 1.8033508667028577e-16 -0.95707583658778184 0.28983761491531335 1 2.1271808281266873e-16 8.0225095703303388e-17 
