<?xml version='1.0' encoding='utf-8'?>
<!-- FreeCAD DocumentObject -->
<Document SchemaVersion="4" FileVersion="2">
<Object name="Pocket110">
  <Properties Count="43" TransientCount="2">
    <_Property name="_Body" type="App::PropertyLinkHidden" status="251658241"/>
    <_Property name="_ElementMapVersion" type="App::PropertyString" status="234881024"/>
    <Property name="AddSubShape" type="Part::PropertyPartShape">
      <Part HasherIndex="0" ElementMap="1.15.70200.4" brep="1">
<![CDATA[

CASCADE Topology V1, (c) Matra-Datavision
Locations 5
1
              1               0               0               0 
              0               1               0               0 
              0               0               1               0 
1
              0 -3.33066907387547e-16               1              39 
              1 -1.11022302462516e-16 -3.6977854932235e-32 -8.65973959207622e-15 
1.11022302462516e-16               1 3.33066907387547e-16 1.29896093881143e-14 
2  1 1 2 1 0
1
              1               0               0             -35 
              0               1               0 3.88578058618805e-15 
              0               0               1 -1.16573417585641e-14 
2  1 1 2 1 4 1 0
Curve2ds 0
Curves 10
1 39.000000000000007 11.49120168231784 -15.816282240030203 -1 1.1102230246251565e-16 -3.3306690738754696e-16 
1 39 18.593154893570244 6.0412822400302373 -1 1.1102230246251565e-16 -3.3306690738754696e-16 
1 11.491201682317849 -15.816282240030217 0 0.30901699437494745 0.95105651629515364 0 
1 38.999999999999993 -1.0830225605218399e-14 19.550000000000011 -1 1.1102230246251565e-16 -3.3306690738754696e-16 
1 18.593154893570251 6.0412822400302231 0 -0.80901699437494756 0.58778525229247314 0 
1 39 -18.593154893570258 6.041282240030232 -1 1.1102230246251565e-16 -3.3306690738754696e-16 
1 8.1965919476338343e-31 19.549999999999997 0 -0.80901699437494745 -0.58778525229247314 0 
1 39.000000000000007 -11.491201682317854 -15.816282240030208 -1 1.1102230246251565e-16 -3.3306690738754696e-16 
1 -18.593154893570251 6.0412822400302204 0 0.30901699437494756 -0.95105651629515364 0 
1 -11.491201682317847 -15.816282240030219 0 1 7.729203996713546e-17 0 
Polygon3D 0
PolygonOnTriangulations 0
Surfaces 6
1 39.000000000000007 11.491201682317842 -15.816282240030203 2.0851181885772569e-16 0.95105651629515364 -0.30901699437494734 -3.1676545263320099e-16 0.30901699437494734 0.95105651629515364 1 -1.0042061595466321e-16 3.6569554341905749e-16 
1 39 18.593154893570244 6.0412822400302382 -2.0419951627741127e-16 0.58778525229247292 0.80901699437494756 -1.9577181618906305e-16 -0.80901699437494756 0.58778525229247292 1 -3.835726212348137e-17 2.8027266528201351e-16 
1 38.999999999999993 -1.0830225605218397e-14 19.550000000000011 -3.3471406040345323e-16 -0.58778525229247325 0.80901699437494734 1.9577181618906305e-16 -0.80901699437494734 -0.58778525229247325 1 -3.8357262123481444e-17 3.8586114949308046e-16 
1 39 -18.593154893570258 6.041282240030232 -2.6651495644081782e-18 -0.95105651629515364 -0.30901699437494767 3.1676545263320133e-16 0.30901699437494767 -0.95105651629515364 1 -1.004206159546633e-16 3.0043827135603678e-16 
1 39.000000000000007 -11.491201682317854 -15.816282240030208 3.3306690738754696e-16 1.8831434242965111e-16 -1 -2.5743420717528485e-32 1 1.8831434242965111e-16 1 -3.6977854932234934e-32 3.3306690738754696e-16 
1 38.999999999999993 -7.4200358368450026e-15 1.5087406201584839e-14 1 -6.038285861627162e-32 3.8060870233847134e-16 -3.8060870233847134e-16 0 1 -6.038285861627162e-32 -1 -2.2982241461426524e-47 
Triangulations 0

TShapes 29
Ve
1.00000000888178e-07
11.4912016823178 -15.8162822400302 0
0 0

0101101
*
Ed
 1.00000000888178e-07 1 1 0
1  1 0 0 35
0

0101000
+29 3 -29 5 *
Ve
1.00000000444089e-07
18.5931548935703 6.04128224003022 0
0 0

0101101
*
Ed
 1.00000000444089e-07 1 1 0
1  2 0 0 35
0

0101000
+27 3 -27 5 *
Ed
 1e-07 1 1 0
1  3 0 0 22.9824033646357
0

0101000
+29 0 -27 0 *
Wi

0101100
+28 0 -26 0 -25 3 +25 5 *
Fa
0  1e-07 1 0

0111000
+24 0 *
Ve
1e-07
0 19.55 0
0 0

0101101
*
Ed
 1e-07 1 1 0
1  4 0 0 35
0

0101000
+22 3 -22 5 *
Ed
 1e-07 1 1 0
1  5 0 0 22.9824033646357
0

0101000
+27 0 -22 0 *
Wi

0101100
+26 0 -21 0 -20 3 +20 5 *
Fa
0  1e-07 2 0

0111000
+19 0 *
Ve
1e-07
-18.5931548935703 6.04128224003022 0
0 0

0101101
*
Ed
 1e-07 1 1 0
1  6 0 0 35
0

0101000
+17 3 -17 5 *
Ed
 1e-07 1 1 0
1  7 0 0 22.9824033646357
0

0101000
+22 0 -17 0 *
Wi

0101100
+21 0 -16 0 -15 3 +15 5 *
Fa
0  1e-07 3 0

0111000
+14 0 *
Ve
1e-07
-11.4912016823178 -15.8162822400302 0
0 0

0101101
*
Ed
 1e-07 1 1 0
1  8 0 0 35
0

0101000
+12 3 -12 5 *
Ed
 1e-07 1 1 0
1  9 0 0 22.9824033646357
0

0101000
+17 0 -12 0 *
Wi

0101100
+16 0 -11 0 -10 3 +10 5 *
Fa
0  1e-07 4 0

0111000
+9 0 *
Ed
 1e-07 1 1 0
1  10 0 0 22.9824033646357
0

0101000
+12 0 -29 0 *
Wi

0101100
+11 0 -28 0 -7 3 +7 5 *
Fa
0  1e-07 5 0

0111000
+6 0 *
Wi

0101100
+25 0 +20 0 +15 0 +10 0 +7 0 *
Fa
0  1e-07 6 0

0111000
+4 3 *
Sh

0101100
+23 0 +18 0 +13 0 +8 0 +5 0 +3 0 -3 4 *
So

1100000
+2 0 *

+1 0 ]]>
      </Part>
      <ElementMap new="1" count="1"><Element key="Dummy" value="Dummy"/></ElementMap>
      <ElementMap2 count="37">
<![CDATA[
697 PostfixCount 11
Edge
Face
Vertex
;:G;XTR;:H1662:7,E
;:G;XTR;:H1662:7,F
;FAC;:H1662:4,F
;:G0;XTR;:H1662:8,F
;:U;XTR;:H1662:7,E
;:U;XTR;:H1662:7,V
;SKT;:H1662,E
;SKT;:H1662,V

MapCount 1

ElementMap 1 697 3

Edge

ChildCount 0

NameCount 16
0
$#1c0e7.4 0
$#1c0e9.4 0
;g18.a 0
$#1c111.8 0
$#1c0ec.4 0
;g19.a 0
$#1c112.8 0
$#1c0ef.4 0
;g20.a 0
$#1c113.8 0
$#1c0f2.4 0
;g21.a 0
$#1c114.8 0
;g22.a 0
$#1c115.8 0

Face

ChildCount 0

NameCount 8
0
$#1c0eb.5 0
$#1c0ee.5 0
$#1c0f1.5 0
$#1c0f4.5 0
$#1c0f5.5 0
$#1c0eb.6 0
$#1c110.7 0

Vertex

ChildCount 0

NameCount 11
0
;g18v1.b ;g22v2.b 0
$#1c116.9 0
;g18v2.b ;g19v1.b 0
$#1c117.9 0
;g19v2.b ;g20v1.b 0
$#1c118.9 0
;g20v2.b ;g21v1.b 0
$#1c119.9 0
;g21v2.b ;g22v1.b 0
$#1c11a.9 0

EndMap
]]>
      </ElementMap2>
    </Property>
    <Property name="AddSubType" type="App::PropertyEnumeration">
      <Integer value="1"/>
    </Property>
    <Property name="AllowMultiFace" type="App::PropertyBool">
      <Bool value="true"/>
    </Property>
    <Property name="AutoTaperInnerAngle" type="App::PropertyBool">
      <Bool value="true"/>
    </Property>
    <Property name="BaseFeature" type="App::PropertyLink" status="8">
      <Link value="Pocket108"/>
    </Property>
    <Property name="CheckUpToFaceLimits" type="App::PropertyBool">
      <Bool value="true"/>
    </Property>
    <Property name="ClaimChildren" type="App::PropertyBool" status="134217728">
      <Bool value="false"/>
    </Property>
    <Property name="ColoredElements" type="App::PropertyLinkSubHidden" status="218103808">
      <LinkSub value="" count="0">
      </LinkSub>
    </Property>
    <Property name="ExpressionEngine" type="App::PropertyExpressionEngine" status="67108864">
      <ExpressionEngine count="0"></ExpressionEngine>
    </Property>
    <Property name="Fit" type="App::PropertyDistance">
      <Float value="0"/>
    </Property>
    <Property name="FitJoin" type="App::PropertyEnumeration">
      <Integer value="0"/>
    </Property>
    <Property name="FixShape" type="App::PropertyEnumeration">
      <Integer value="0"/>
    </Property>
    <Property name="InnerFit" type="App::PropertyDistance">
      <Float value="0"/>
    </Property>
    <Property name="InnerFitJoin" type="App::PropertyEnumeration">
      <Integer value="0"/>
    </Property>
    <Property name="InvalidShape" type="App::PropertyBool" status="67108864">
      <Bool value="false"/>
    </Property>
    <Property name="Label" type="App::PropertyString" status="134217728">
      <String value="Pocket110"/>
    </Property>
    <Property name="Label2" type="App::PropertyString" status="128">
      <String value=""/>
    </Property>
    <Property name="Length" type="App::PropertyLength">
      <Float value="35"/>
    </Property>
    <Property name="Length2" type="App::PropertyLength">
      <Float value="100"/>
    </Property>
    <Property name="Linearize" type="App::PropertyBool">
      <Bool value="true"/>
    </Property>
    <Property name="Midplane" type="App::PropertyBool">
      <Bool value="false"/>
    </Property>
    <Property name="NewSolid" type="App::PropertyBool">
      <Bool value="false"/>
    </Property>
    <Property name="Offset" type="App::PropertyLength">
      <Float value="0"/>
    </Property>
    <Property name="Placement" type="App::PropertyPlacement" status="8388620">
      <PropertyPlacement Px="0" Py="0" Pz="0" Q0="0" Q1="0" Q2="0" Q3="1" A="0" Ox="0" Oy="0" Oz="1"/>
    </Property>
    <Property name="Profile" type="App::PropertyLinkSub">
      <LinkSub value="Sketch199" count="1">
        <Sub value=""/>
      </LinkSub>
    </Property>
    <Property name="Refine" type="App::PropertyBool">
      <Bool value="false"/>
    </Property>
    <Property name="Reversed" type="App::PropertyBool">
      <Bool value="false"/>
    </Property>
    <Property name="Shape" type="Part::PropertyPartShape">
      <Part HasherIndex="0" ElementMap="1.15.70200.4" brep="1">
<![CDATA[

CASCADE Topology V1, (c) Matra-Datavision
Locations 32
1
              1               0               0               0 
              0               1               0               0 
              0               0               1               0 
1
              1               0               0               0 
              0               1               0               0 
              0               0               1               0 
2  1 1 2 1 0
1
              1               0               0               0 
              0               1               0               0 
              0               0               1               0 
1
              1               0               0               0 
              0 1.11022302462516e-16              -1               0 
              0               1 1.11022302462516e-16               0 
2  4 1 5 1 2 1 0
2  2 -1 5 -1 4 -1 0
1
              1               0               0               0 
              0               1               0               0 
              0               0               1               0 
1
2.22044604925031e-16 -3.33066907387547e-16               1               0 
              1 3.33066907387547e-16 -2.22044604925031e-16               0 
-3.33066907387547e-16               1 3.33066907387547e-16               0 
1
              1               0               0              39 
              0               1               0 -1.29896093881143e-14 
              0               0               1 1.51545442861334e-14 
2  8 1 9 1 10 1 1 1 2 1 0
2  2 -1 1 -1 10 -1 9 -1 8 -1 0
1
              1               0               0               0 
              0               1               0               0 
              0               0               1               0 
1
              0 -3.33066907387547e-16               1              39 
              1 -1.11022302462516e-16 -3.6977854932235e-32 -8.65973959207622e-15 
1.11022302462516e-16               1 3.33066907387547e-16 1.29896093881143e-14 
2  13 1 14 1 0
2  14 -1 13 -1 0
1
              1               0               0 -150.86573898669 
              0               1               0 1.67494617050112e-14 
              0               0               1 -5.02483851150336e-14 
2  17 -1 14 -1 13 -1 0
2  10 1 1 1 2 1 0
1
              1               0               0               0 
              0               1               0               0 
              0               0               1               0 
1
              0 -3.33066907387547e-16               1              39 
              1 -1.11022302462516e-16 -3.6977854932235e-32 -8.65973959207622e-15 
1.11022302462516e-16               1 3.33066907387547e-16 1.29896093881143e-14 
2  20 1 21 1 0
2  21 -1 20 -1 0
1
              1               0               0               0 
              0              -1 -1.22464679914735e-16               0 
              0 1.22464679914735e-16              -1               0 
2  4 1 24 1 2 1 0
2  2 -1 1 -1 0
1
              1               0               0               0 
              0 -2.22044604925031e-16               1               0 
              0              -1 -2.22044604925031e-16               0 
2  4 1 27 1 2 1 0
2  2 -1 27 -1 4 -1 0
2  2 -1 24 -1 4 -1 0
1
              1               0               0             -35 
              0               1               0 3.88578058618805e-15 
              0               0               1 -1.16573417585641e-14 
2  20 1 21 1 31 1 0
Curve2ds 74
8 -37.674999999999997 5.999999999062311e-07
1 29.499999999999993 -39 2.2204460492503114e-16 -1 
8 -37.674999999999997 5.999999999062311e-07
1 1.1717353782187627 -1.9428902930940239e-16 0 1 
8 -37.675000000000004 5.999999999062311e-07
1 12.000000000000007 -39.000000000000007 2.2204460492503114e-16 -1 
8 -37.675000000000004 5.999999999062311e-07
1 1.9698572753710297 -1.9428902930940003e-16 0 1 
3 29.344931419241739 -20.749999999999989 -1 -5.4953236053932078e-16 5.4953236053932078e-16 -1 31.847291878588372 22.519436049777092
7 0 0  5 6 2  1.1970705519619083 -34.034999999999982  1.1486883488789279 -34.432776379850644  1.1003061457959493 -34.89189721284572  1.0519239427129694 -35.410423446183358  1.0035417396299871 -35.98581409622404  0.9551595365470068 -36.614999999999981 
 0.37372577483298747 6 0.61563679024788887 6
3 29.344931419241739 -20.749999999999989 -1 -5.4953236053932078e-16 5.4953236053932078e-16 -1 31.847291878588372 22.519436049777092
7 0 0  5 6 2  2.1864331170427858 -36.614999999999995  2.1380509139598054 -35.985814096224054  2.0896687108768219 -35.410423446183358  2.0412865077938527 -34.89189721284572  1.9929043047108645 -34.432776379850658  1.9445221016278842 -34.034999999999997 
 5.6675485169316966 6 5.9094595323465979 6
1 0 0 1 0 
1 0 -150.86573898668976 1 0 
8 -38.379999999999988 -36.219999999999992
1 -36.399999999999991 -33.445077786291847 -1 -3.8857805861880449e-16 
8 -38.379999999999988 -36.219999999999992
1 0.97189094474804472 6.1950444774083661e-15 0 1 
3 26.304372260139569 -20.749999999999982 -1 -5.4953236053932088e-16 5.4953236053932088e-16 -1 31.847291878588354 22.519436049777092
7 0 0  5 6 2  0.97822200491434819 -38.119999999999976  0.96372359652311457 -38.302347445474645  0.94922518813188361 -38.489603150670064  0.93472677974064844 -38.681687261669708  0.9202283713494136 -38.87851562328175  0.90572996295817998 -39.079999999999984 
 0.59257432188054748 6 0.6650663638367158 6
2 6.8486046820251255e-16 8.6597395920762163e-15 1.1102230246251565e-16 -1 1 1.1102230246251565e-16 22.519436049777092
1 0 -39 1 0 
3 26.304372260139573 -20.75 -1 -7.8504622934188635e-17 7.8504622934188635e-17 -1 31.847291878588344 22.519436049777092
7 0 0  5 6 2  0.66506636383671469 -39.079999999999991  0.65056795544548107 -38.878515623281764  0.63606954705425256 -38.681687261669651  0.62157113866301383 -38.489603150670121  0.60707273027178044 -38.302347445474659  0.59257432188054682 -38.11999999999999 
 5.6181189433428713 6 5.6906109852990392 6
8 -38.379999999999995 -36.219999999999992
1 -36.399999999999991 -8.0549222137081937 -1 -5.5511151231257728e-17 
8 -38.379999999999995 -36.219999999999992
1 0.59890538204684929 -2.8771170602764447e-15 0 1 
3 29.344931419241739 -20.75 -1 -7.8504622934188697e-17 7.8504622934188697e-17 -1 31.847291878588361 22.519436049777092
7 0 0  5 6 2  0.61563679024788853 -36.614999999999995  0.56725458716490806 -35.985814096224054  0.51887238408192982 -35.410423446183358  0.47049018099894457 -34.891897212845663  0.42210797791596677 -34.432776379850658  0.3737257748329863 -34.034999999999997 
 5.6675485169316975 6 5.9094595323465997 6
8 -37.675000000000004 5.9999999280080374e-07
1 11.999999999999988 -39 -4.9303806576313238e-32 -1 
8 -37.675000000000004 5.9999999280080374e-07
1 0.399060948576134 1.0019762797242038e-14 0 1 
8 -37.675000000000004 6.0000000701165845e-07
1 29.499999999999993 -39 4.9303806576313238e-32 -1 
8 -37.675000000000004 6.0000000701165845e-07
1 2.7425317050136595 -4.1910919179599652e-15 0 1 
3 29.344931419241725 -20.749999999999989 -1 -1.0205600981444534e-15 1.0205600981444534e-15 -1 31.847291878588361 22.519436049777092
7 0 0  5 6 2  2.7678668787568044 -34.034999999999997  2.719484675673824 -34.432776379850658  2.671102472590853 -34.89189721284572  2.6227202695078624 -35.410423446183302  2.5743380664248838 -35.985814096224054  2.5259558633419035 -36.614999999999988 
 0.37372577483298752 6 0.61563679024788864 6
8 -38.379999999999981 -36.219999999999985
1 -36.399999999999977 -33.445077786291861 -1 -7.2164496600635165e-16 
8 -38.379999999999981 -36.219999999999985
1 2.5426872715429418 -2.8771170602764329e-15 0 1 
3 26.304372260139552 -20.749999999999982 -1 -1.0205600981444537e-15 1.0205600981444537e-15 -1 31.847291878588344 22.519436049777092
7 0 0  5 6 2  2.5490183317092443 -38.119999999999976  2.5345199233180109 -38.302347445474645  2.5200215149267819 -38.489603150670064  2.5055231065355414 -38.681687261669651  2.4910246981443098 -38.878515623281743  2.4765262897530764 -39.079999999999977 
 0.59257432188054748 6 0.66506636383671558 6
2 6.8486046820251255e-16 8.6597395920762163e-15 1.1102230246251565e-16 -1 1 1.1102230246251565e-16 22.519436049777092
1 0 -39 1 0 
3 26.304372260139569 -20.749999999999982 -1 -5.4953236053932088e-16 5.4953236053932088e-16 -1 31.847291878588354 22.519436049777092
7 0 0  5 6 2  2.2358626906316128 -39.079999999999998  2.221364282240379 -38.878515623281764  2.20686587384915 -38.681687261669765  2.1923674654579131 -38.489603150670007  2.1778690570666779 -38.302347445474659  2.163370648675444 -38.119999999999983 
 5.6181189433428695 6 5.6906109852990383 6
8 -38.380000000000003 -36.219999999999999
1 -36.400000000000006 -8.0549222137081671 -1 -3.8857805861880449e-16 
8 -38.380000000000003 -36.219999999999999
1 2.1697017088417474 6.1950444774083724e-15 0 1 
2 6.8486046820251255e-16 8.6597395920762163e-15 1.1102230246251565e-16 -1 1 1.1102230246251565e-16 22.519436049777092
1 0 -39 1 0 
2 6.8486046820251255e-16 8.6597395920762163e-15 1.1102230246251565e-16 -1 1 1.1102230246251565e-16 22.519436049777092
1 0 -39 1 0 
3 26.304372260139573 -20.75 -1 -7.8504622934188635e-17 7.8504622934188635e-17 -1 31.847291878588344 22.519436049777092
7 0 0  5 6 2  5.6906109852990383 -38.119999999999997  5.6761125769078049 -38.302347445474666  5.6616141685165644 -38.489603150670007  5.6471157601253665 -38.681687261669765  5.6326173517341038 -38.878515623281764  5.6181189433428704 -39.079999999999991 
 0.59257432188054748 6 0.66506636383671514 6
8 -38.379999999999995 -36.219999999999999
1 -36.399999999999991 -33.445077786291812 -1 -5.5511151231257728e-17 
8 -38.379999999999995 -36.219999999999999
1 5.6842799251327367 2.8771170602764408e-15 0 1 
3 29.344931419241739 -20.75 -1 -7.8504622934188697e-17 7.8504622934188697e-17 -1 31.847291878588361 22.519436049777092
7 0 0  5 6 2  5.9094595323465988 -34.034999999999989  5.861077329263618 -34.432776379850651  5.8126951261806425 -34.891897212845606  5.7643129230976626 -35.410423446183415  5.7159307200146783 -35.985814096224054  5.6675485169316975 -36.614999999999995 
 0.37372577483298669 6 0.61563679024788853 6
8 -37.674999999999997 5.9999999280080374e-07
1 29.500000000000014 -39 -4.9303806576313238e-32 -1 
8 -37.674999999999997 5.9999999280080374e-07
1 5.8841243586034517 4.1910919179599588e-15 0 1 
8 -37.674999999999997 6.0000000701165845e-07
1 12.000000000000007 -39 4.9303806576313238e-32 -1 
8 -37.674999999999997 6.0000000701165845e-07
1 3.5406536021659263 -1.0019762797242031e-14 0 1 
8 -37.675000000000018 5.999999999062311e-07
1 29.500000000000014 -39 -2.2204460492503114e-16 -1 
8 -37.675000000000018 5.999999999062311e-07
1 4.3133280318085543 1.9428902930940476e-16 0 1 
3 29.344931419241725 -20.750000000000004 -1 -5.4953236053932167e-16 5.4953236053932167e-16 -1 31.847291878588354 22.519436049777092
7 0 0  5 6 2  4.3386632055517023 -34.034999999999997  4.2902810024687215 -34.432776379850658  4.2418987993857442 -34.891897212845606  4.1935165963027714 -35.410423446183415  4.1451343932197808 -35.985814096224054  4.0967521901368 -36.614999999999995 
 0.37372577483298652 6 0.61563679024788842 6
8 -38.379999999999988 -36.219999999999992
1 -36.399999999999991 -33.445077786291826 -1 -3.8857805861880494e-16 
8 -38.379999999999988 -36.219999999999992
1 4.1134835983378402 -6.1950444774083755e-15 0 1 
3 26.304372260139559 -20.75 -1 -5.4953236053932167e-16 5.4953236053932167e-16 -1 31.847291878588333 22.519436049777092
7 0 0  5 6 2  4.1198146585041417 -38.119999999999997  4.1053162501129083 -38.302347445474666  4.0908178417216803 -38.489603150670064  4.0763194333304398 -38.681687261669708  4.0618210249392064 -38.878515623281764  4.047322616547973 -39.079999999999998 
 0.59257432188054726 6 0.66506636383671547 6
3 26.304372260139552 -20.749999999999982 -1 -1.0205600981444537e-15 1.0205600981444537e-15 -1 31.847291878588344 22.519436049777092
7 0 0  5 6 2  3.8066590174265085 -39.079999999999998  3.7921606090352751 -38.878515623281771  3.7776622006440448 -38.681687261669765  3.7631637922528114 -38.489603150670064  3.748665383861574 -38.302347445474666  3.7341669754703406 -38.119999999999997 
 5.6181189433428695 6 5.6906109852990374 6
8 -38.38000000000001 -36.220000000000006
1 -36.400000000000006 -8.0549222137081991 -1 -7.2164496600635165e-16 
8 -38.38000000000001 -36.220000000000006
1 3.7404980356366431 2.8771170602764392e-15 0 1 
3 29.344931419241725 -20.749999999999989 -1 -1.0205600981444534e-15 1.0205600981444534e-15 -1 31.847291878588361 22.519436049777092
7 0 0  5 6 2  3.7572294438376823 -36.615000000000016  3.708847240754702 -35.985814096224075  3.6604650376717203 -35.410423446183302  3.6120828345887546 -34.891897212845777  3.5637006315057613 -34.432776379850665  3.515318428422781 -34.035000000000004 
 5.6675485169316957 6 5.909459532346597 6
3 26.304372260139559 -20.75 -1 -5.4953236053932167e-16 5.4953236053932167e-16 -1 31.847291878588333 22.519436049777092
7 0 0  5 6 2  5.3774553442214055 -39.08000000000002  5.3629569358301721 -38.878515623281785  5.3484585274389502 -38.681687261669708  5.3339601190477097 -38.489603150670064  5.3194617106564701 -38.302347445474688  5.3049633022652367 -38.120000000000012 
 5.6181189433428695 6 5.6906109852990383 6
8 -38.380000000000003 -36.219999999999999
1 -36.400000000000006 -8.0549222137082293 -1 -3.8857805861880494e-16 
8 -38.380000000000003 -36.219999999999999
1 5.3112943624315383 -6.1950444774083819e-15 0 1 
3 29.344931419241725 -20.750000000000004 -1 -5.4953236053932167e-16 5.4953236053932167e-16 -1 31.847291878588354 22.519436049777092
7 0 0  5 6 2  5.3280257706325784 -36.615000000000009  5.2796435675495976 -35.985814096224068  5.2312613644666115 -35.410423446183472  5.18287916138366 -34.891897212845606  5.134496958300657 -34.432776379850672  5.0861147552176762 -34.035000000000011 
 5.6675485169316966 6 5.9094595323465988 6
8 -37.675000000000011 5.999999999062311e-07
1 11.999999999999988 -38.999999999999993 -2.2204460492503114e-16 -1 
8 -37.675000000000011 5.999999999062311e-07
1 5.1114499289608233 1.9428902930940239e-16 0 1 
Curves 55
1 4.7499999999999973 20.750000000000007 20.749999999999996 3.8857805861880469e-16 -3.3306690738754711e-16 -1 
1 38.999999999999993 8.7499999999999911 20.750000000000014 1 -3.6977854932234928e-32 3.3306690738754696e-16 
1 -20.75 20.75 0 1 0 0 
1 38.999999999999993 -8.7499999999999947 20.750000000000021 1 -3.6977854932234928e-32 3.3306690738754696e-16 
1 2.5999999999999979 18.600000000000009 20.749999999999996 3.8857805861880469e-16 -3.3306690738754711e-16 -1 
3 -16.000000000000007 -8.6597395920762163e-15 -5.3290705182007482e-15 -0.70710678118654746 5.8878467200641587e-16 0.70710678118654768 0.70710678118654768 5.8878467200641557e-16 0.70710678118654746 4.9303806576313238e-32 1 -8.326672684688676e-16 31.847291878588372 22.519436049777092
3 -16.000000000000007 -8.6597395920762163e-15 -5.3290705182007482e-15 -0.70710678118654746 5.8878467200641587e-16 0.70710678118654768 0.70710678118654768 5.8878467200641557e-16 0.70710678118654746 4.9303806576313238e-32 1 -8.326672684688676e-16 31.847291878588372 22.519436049777092
2 0 0 0 0 0 1 1 0 -0 -0 1 0 22.519436049777092
1 39 12.69507778629184 18.599999999999994 1 -3.6977854932234928e-32 3.3306690738754696e-16 
3 -17.799999999999983 -8.6597395920762163e-15 -5.9285909514983239e-15 -0.70710678118654791 5.8878467200641567e-16 0.70710678118654724 0.70710678118654724 5.8878467200641577e-16 0.70710678118654791 3.4512664603419258e-31 1 -8.3266726846886741e-16 31.847291878588354 22.519436049777092
2 0 -8.6597395920762163e-15 6.3108872417680944e-30 1 -3.6977854932234928e-32 3.3306690738754696e-16 0 1 1.1102230246251565e-16 -3.3306690738754696e-16 -1.1102230246251565e-16 1 22.519436049777092
3 -17.79999999999999 -8.6597395920762163e-15 -5.9285909514983271e-15 -0.70710678118654791 0.70710678118654724 -5.1028004907222707e-16 0.70710678118654724 0.70710678118654791 -3.9252311467094786e-17 3.3306690738754691e-16 -3.8857805861880499e-16 -1 31.847291878588344 22.519436049777092
1 38.999999999999993 18.600000000000005 12.695077786291817 1 -3.6977854932234928e-32 3.3306690738754696e-16 
3 -16.000000000000007 -8.6597395920762163e-15 -5.3290705182007482e-15 -0.70710678118654746 0.70710678118654768 -5.1028004907222707e-16 0.70710678118654768 0.70710678118654746 -3.9252311467094348e-17 3.3306690738754706e-16 -3.8857805861880499e-16 -1 31.847291878588361 22.519436049777092
1 39.000000000000007 20.749999999999993 8.7500000000000178 1 -3.6977854932234928e-32 3.3306690738754696e-16 
1 -20.75 -20.75 0 0 1 0 
1 20.75 20.75 0 0 -1 0 
1 20.75 -20.75 0 -1 0 0 
1 11.491201682317849 -15.816282240030217 0 0.30901699437494745 0.95105651629515364 0 
1 18.593154893570251 6.0412822400302231 0 -0.80901699437494756 0.58778525229247314 0 
1 8.1965919476338343e-31 19.549999999999997 0 -0.80901699437494745 -0.58778525229247314 0 
1 -18.593154893570251 6.0412822400302204 0 0.30901699437494756 -0.95105651629515364 0 
1 -11.491201682317847 -15.816282240030219 0 1 7.729203996713546e-17 0 
1 38.999999999999993 -20.750000000000007 8.7500000000000124 1 -3.6977854932234928e-32 3.3306690738754696e-16 
3 -16 -8.6597395920762163e-15 -5.3290705182007451e-15 -0.70710678118654746 -0.70710678118654768 5.9687565469577652e-16 0.70710678118654768 -0.70710678118654746 1.0679033923009095e-15 -3.330669073875475e-16 1.1771765533086348e-15 1 31.847291878588361 22.519436049777092
1 38.999999999999993 -18.599999999999994 12.695077786291851 1 -3.6977854932234928e-32 3.3306690738754696e-16 
3 -17.799999999999969 -8.6597395920762163e-15 -5.9285909514983208e-15 -0.70710678118654791 -0.70710678118654724 5.9687565469577633e-16 0.70710678118654724 -0.70710678118654791 1.0679033923009095e-15 -3.3306690738754681e-16 1.1771765533086347e-15 1 31.847291878588344 22.519436049777092
2 0 -8.6597395920762163e-15 6.3108872417680944e-30 1 -3.6977854932234928e-32 3.3306690738754696e-16 0 1 1.1102230246251565e-16 -3.3306690738754696e-16 -1.1102230246251565e-16 1 22.519436049777092
3 -17.799999999999983 -8.6597395920762163e-15 -5.9285909514983239e-15 -0.70710678118654791 5.8878467200641567e-16 0.70710678118654724 0.70710678118654724 5.8878467200641577e-16 0.70710678118654791 3.4512664603419258e-31 1 -8.3266726846886741e-16 31.847291878588354 22.519436049777092
1 39 -12.69507778629184 18.600000000000009 1 -3.6977854932234928e-32 3.3306690738754696e-16 
1 0.79999999999999771 18.600000000000009 20.749999999999993 3.8857805861880469e-16 -3.3306690738754711e-16 -1 
1 -2.2209037036623297e-15 17.800000000000011 20.749999999999993 3.8857805861880469e-16 -3.3306690738754711e-16 -1 
2 0 -8.6597395920762163e-15 6.3108872417680944e-30 1 -3.6977854932234928e-32 3.3306690738754696e-16 0 1 1.1102230246251565e-16 -3.3306690738754696e-16 -1.1102230246251565e-16 1 22.519436049777092
2 0 -8.6597395920762163e-15 6.3108872417680944e-30 1 -3.6977854932234928e-32 3.3306690738754696e-16 0 1 1.1102230246251565e-16 -3.3306690738754696e-16 -1.1102230246251565e-16 1 22.519436049777092
3 -17.79999999999999 -8.6597395920762163e-15 -5.9285909514983271e-15 -0.70710678118654791 0.70710678118654724 -5.1028004907222707e-16 0.70710678118654724 0.70710678118654791 -3.9252311467094786e-17 3.3306690738754691e-16 -3.8857805861880499e-16 -1 31.847291878588344 22.519436049777092
1 39.000000000000007 18.599999999999998 -12.695077786291803 1 -3.6977854932234928e-32 3.3306690738754696e-16 
3 -16.000000000000007 -8.6597395920762163e-15 -5.3290705182007482e-15 -0.70710678118654746 0.70710678118654768 -5.1028004907222707e-16 0.70710678118654768 0.70710678118654746 -3.9252311467094348e-17 3.3306690738754706e-16 -3.8857805861880499e-16 -1 31.847291878588361 22.519436049777092
1 39.000000000000007 20.749999999999986 -8.7500000000000071 1 -3.6977854932234928e-32 3.3306690738754696e-16 
1 38.999999999999993 -20.750000000000014 -8.7499999999999734 1 -3.6977854932234928e-32 3.3306690738754696e-16 
1 39.000000000000007 -8.7500000000000284 -20.749999999999979 1 -3.6977854932234928e-32 3.3306690738754696e-16 
3 -16 -8.6597395920762163e-15 -5.3290705182007451e-15 -0.70710678118654746 -6.6728929494060456e-16 -0.70710678118654768 0.70710678118654768 -6.6728929494060525e-16 -0.70710678118654746 -5.9164567891575885e-31 -1 9.4368957093138385e-16 31.847291878588354 22.519436049777092
1 39 -12.695077786291817 -18.599999999999994 1 -3.6977854932234928e-32 3.3306690738754696e-16 
3 -17.799999999999983 -8.6597395920762163e-15 -5.9285909514983239e-15 -0.70710678118654791 -6.6728929494060437e-16 -0.70710678118654724 0.70710678118654724 -6.6728929494060545e-16 -0.70710678118654791 -3.9443045261050582e-31 -1 9.4368957093138365e-16 31.847291878588333 22.519436049777092
3 -17.799999999999969 -8.6597395920762163e-15 -5.9285909514983208e-15 -0.70710678118654791 -0.70710678118654724 5.9687565469577633e-16 0.70710678118654724 -0.70710678118654791 1.0679033923009095e-15 -3.3306690738754681e-16 1.1771765533086347e-15 1 31.847291878588344 22.519436049777092
1 39.000000000000007 -18.600000000000009 -12.695077786291808 1 -3.6977854932234928e-32 3.3306690738754696e-16 
3 -16 -8.6597395920762163e-15 -5.3290705182007451e-15 -0.70710678118654746 -0.70710678118654768 5.9687565469577652e-16 0.70710678118654768 -0.70710678118654746 1.0679033923009095e-15 -3.330669073875475e-16 1.1771765533086348e-15 1 31.847291878588361 22.519436049777092
3 -17.799999999999983 -8.6597395920762163e-15 -5.9285909514983239e-15 -0.70710678118654791 -6.6728929494060437e-16 -0.70710678118654724 0.70710678118654724 -6.6728929494060545e-16 -0.70710678118654791 -3.9443045261050582e-31 -1 9.4368957093138365e-16 31.847291878588333 22.519436049777092
1 39 12.695077786291778 -18.600000000000009 1 -3.6977854932234928e-32 3.3306690738754696e-16 
3 -16 -8.6597395920762163e-15 -5.3290705182007451e-15 -0.70710678118654746 -6.6728929494060456e-16 -0.70710678118654768 0.70710678118654768 -6.6728929494060525e-16 -0.70710678118654746 -5.9164567891575885e-31 -1 9.4368957093138385e-16 31.847291878588354 22.519436049777092
1 39.000000000000007 8.7499999999999964 -20.749999999999986 1 -3.6977854932234928e-32 3.3306690738754696e-16 
1 39.000000000000007 11.49120168231784 -15.816282240030203 -1 1.1102230246251565e-16 -3.3306690738754696e-16 
1 39 18.593154893570244 6.0412822400302373 -1 1.1102230246251565e-16 -3.3306690738754696e-16 
1 38.999999999999993 -1.0830225605218399e-14 19.550000000000011 -1 1.1102230246251565e-16 -3.3306690738754696e-16 
1 39 -18.593154893570258 6.041282240030232 -1 1.1102230246251565e-16 -3.3306690738754696e-16 
1 39.000000000000007 -11.491201682317854 -15.816282240030208 -1 1.1102230246251565e-16 -3.3306690738754696e-16 
Polygon3D 0
PolygonOnTriangulations 0
Surfaces 15
1 -1.1518563880485999e-14 -20.749999999999993 20.750000000000007 -3.8857805861880469e-16 3.3306690738754711e-16 1 2.2204460492503131e-16 1 -3.3306690738754701e-16 -1 2.2204460492503118e-16 -3.8857805861880479e-16 
2 39 -8.6597395920762179e-15 1.2989609388114338e-14 1 -3.6977854932234928e-32 3.3306690738754696e-16 0 1 1.1102230246251565e-16 -3.3306690738754696e-16 -1.1102230246251565e-16 1 22.519436049777092
1 4.7499999999999973 20.750000000000007 20.749999999999996 -0.70710678118654746 0.70710678118654768 -5.1028004907222697e-16 -0.70710678118654768 -0.70710678118654746 -3.9252311467094299e-17 -3.8857805861880474e-16 3.3306690738754716e-16 1 
1 2.5999999999999979 18.600000000000009 20.749999999999996 0 1 -3.3306690738754711e-16 -1 -1.2942249226282227e-31 -3.8857805861880469e-16 -3.8857805861880469e-16 3.3306690738754711e-16 1 
1 0.79999999999999771 18.600000000000009 20.749999999999993 -0.70710678118654791 0.70710678118654724 -5.1028004907222707e-16 -0.70710678118654724 -0.70710678118654791 -3.9252311467093948e-17 -3.8857805861880469e-16 3.3306690738754716e-16 1 
1 -3.0413914418159493e-31 0 -6.8486046820250624e-16 1 -2.2204460492503121e-16 3.3306690738754711e-16 -3.3306690738754711e-16 0 1 -2.2204460492503121e-16 -1 -7.3955709864469857e-32 
1 -2.303712776097199e-15 20.750000000000007 20.749999999999993 3.3306690738754711e-16 1 -3.3306690738754696e-16 3.3306690738754691e-16 -3.3306690738754706e-16 -1 -1 3.3306690738754701e-16 -3.3306690738754701e-16 
1 2.303712776097199e-15 -20.750000000000007 -20.749999999999993 -3.3306690738754711e-16 -1 3.3306690738754696e-16 -3.3306690738754691e-16 3.3306690738754706e-16 1 -1 3.3306690738754701e-16 -3.3306690738754701e-16 
1 1.1518563880485999e-14 20.749999999999993 -20.750000000000007 3.8857805861880469e-16 -3.3306690738754711e-16 -1 -2.2204460492503131e-16 -1 3.3306690738754701e-16 -1 2.2204460492503118e-16 -3.8857805861880479e-16 
1 39.000000000000007 11.491201682317842 -15.816282240030203 2.0851181885772569e-16 0.95105651629515364 -0.30901699437494734 -3.1676545263320099e-16 0.30901699437494734 0.95105651629515364 1 -1.0042061595466321e-16 3.6569554341905749e-16 
1 39 18.593154893570244 6.0412822400302382 -2.0419951627741127e-16 0.58778525229247292 0.80901699437494756 -1.9577181618906305e-16 -0.80901699437494756 0.58778525229247292 1 -3.835726212348137e-17 2.8027266528201351e-16 
1 38.999999999999993 -1.0830225605218397e-14 19.550000000000011 -3.3471406040345323e-16 -0.58778525229247325 0.80901699437494734 1.9577181618906305e-16 -0.80901699437494734 -0.58778525229247325 1 -3.8357262123481444e-17 3.8586114949308046e-16 
1 39 -18.593154893570258 6.041282240030232 -2.6651495644081782e-18 -0.95105651629515364 -0.30901699437494767 3.1676545263320133e-16 0.30901699437494767 -0.95105651629515364 1 -1.004206159546633e-16 3.0043827135603678e-16 
1 39.000000000000007 -11.491201682317854 -15.816282240030208 3.3306690738754696e-16 1.8831434242965111e-16 -1 -2.5743420717528485e-32 1 1.8831434242965111e-16 1 -3.6977854932234934e-32 3.3306690738754696e-16 
1 38.999999999999993 -7.4200358368450026e-15 1.5087406201584839e-14 1 -6.038285861627162e-32 3.8060870233847134e-16 -3.8060870233847134e-16 0 1 -6.038285861627162e-32 -1 -2.2982241461426524e-47 
Triangulations 0

TShapes 184
Ve
1e-07
4.75 -8.75 20.75
0 0

0101101
*
Ve
1e-07
4.75000000000001 8.75000000000001 20.75
0 0

0101101
*
Ed
 1e-07 1 1 0
1  1 0 12 29.5
0

0101000
+184 7 -183 7 *
Ve
1e-07
39 8.75000000000065 20.7499999999999
0 0

0101101
*
Ed
 1e-07 1 1 0
1  2 0 -34.25 -4.73316543132607e-29
2  1 1 3 -34.25 -4.73316543132607e-29
2  2 2 0 -34.25 -4.73316543132607e-29
0

0101000
+183 0 -181 0 *
Ve
1e-07
39 -8.74999999999916 20.7500000000002
0 0

0101101
*
Ed
 1e-07 1 1 0
1  3 0 12.0000000000009 29.5000000000007
0

0101000
+179 12 -181 12 *
Ed
 1e-07 1 1 0
1  4 0 -34.25 -7.10542735760094e-15
2  3 1 3 -34.25 -7.10542735760094e-15
2  4 2 0 -34.25 -7.10542735760094e-15
0

0101000
+184 0 -179 0 *
Wi

0101100
-182 6 -180 0 +178 11 +177 0 *
Fa
0  1e-07 1 3

0101000
+176 0 *
Ve
1e-07
2.6 -12.6950777862918 18.6
0 0

0101101
*
Ve
1e-07
2.60000000000001 12.6950777862918 18.6
0 0

0101101
*
Ed
 1e-07 1 1 0
1  5 0 8.05492221370817 33.4450777862918
0

0101000
+174 7 -173 7 *
Ed
 1e-07 1 1 0
1  6 0 0.399060948576134 0.59890538204685
2  5 3 6 0.399060948576134 0.59890538204685
2  6 2 0 0.399060948576134 0.59890538204685
0

0101000
+183 0 -173 0 *
Ed
 1e-07 1 1 0
1  7 0 5.68427992513274 5.88412435860345
2  7 3 6 5.68427992513274 5.88412435860345
2  8 2 0 5.68427992513274 5.88412435860345
0

0101000
+174 0 -184 0 *
Wi

0101100
-172 6 +171 0 +182 6 +170 0 *
Fa
0  1e-07 3 6

0101000
+169 0 *
Ve
1e-07
39 20.7500000000001 8.74999999999963
0 0

0101101
*
Ed
 1e-07 1 1 0
1  8 0 0.399060948576117 1.17173537821873
2  9 2 16 0.399060948576117 1.17173537821873
2  10 2 18 0.399060948576117 1.17173537821873
0

0101000
+167 16 -181 16 *
Ve
1e-07
0.800000000000011 12.6950777862918 18.6
0 0

0101101
*
Ed
 1e-07 1 1 0
1  9 0 -38.2 -36.4
2  11 4 6 -38.2 -36.4
2  12 2 0 -38.2 -36.4
0

0101000
+165 0 -173 0 *
Ve
1e-07
1.12022855455535e-14 13.7943829147954 17.8
0 0

0101101
*
Ed
 1e-07 1 1 0
1  10 0 0.59890538204685 0.659288409112212
2  13 5 6 0.59890538204685 0.659288409112212
2  14 2 0 0.59890538204685 0.659288409112212
0

0101000
+165 0 -163 0 *
Ve
1e-07
4.81896479802257e-16 17.8 13.7943829147954
0 0

0101101
*
Ed
 1e-07 1 1 0
1  11 0 0.659288409112211 0.911507917682684
2  15 6 3 0.659288409112211 0.911507917682684
2  16 2 0 0.659288409112211 0.911507917682684
0

0101000
+161 0 -163 0 *
Ve
1e-07
0.800000000000001 18.6 12.6950777862918
0 0

0101101
*
Ed
 1e-07 1 1 0
1  12 0 5.62389689806737 5.68427992513274
2  17 5 3 5.62389689806737 5.68427992513274
2  18 2 0 5.62389689806737 5.68427992513274
0

0101000
+161 0 -159 0 *
Ve
1e-07
2.6 18.6 12.6950777862918
0 0

0101101
*
Ed
 1e-07 1 1 0
1  13 0 -38.2 -36.4
2  19 4 3 -38.2 -36.4
2  20 2 0 -38.2 -36.4
0

0101000
+159 0 -157 0 *
Ve
1e-07
4.75 20.75 8.74999999999998
0 0

0101101
*
Ed
 1e-07 1 1 0
1  14 0 5.68427992513274 5.88412435860345
2  21 3 3 5.68427992513274 5.88412435860345
2  22 2 0 5.68427992513274 5.88412435860345
0

0101000
+157 0 -155 0 *
Ed
 1e-07 1 1 0
1  15 0 -34.25 -7.10542735760113e-15
2  23 7 3 -34.25 -7.10542735760113e-15
2  24 2 0 -34.25 -7.10542735760113e-15
0

0101000
+155 0 -167 0 *
Wi

0101100
-166 15 +180 0 -171 0 +164 0 -162 0 +160 0 -158 0 -156 0 -154 0 -153 0 
*
Fa
0  1e-07 2 0

0101000
+152 0 *
Ve
1e-07
39 -20.7499999999999 8.75000000000042
0 0

0101101
*
Ed
 1e-07 1 1 0
1  8 0 1.96985727537099 2.74253170501364
2  9 2 16 1.96985727537099 2.74253170501364
2  10 2 18 1.96985727537099 2.74253170501364
0

0101000
+179 16 -150 16 *
Ve
1e-07
39 -20.7499999999999 -8.7500000000004
0 0

0101101
*
Ed
 1e-07 1 1 0
1  16 0 11.9999999999996 29.5000000000004
0

0101000
+148 12 -150 12 *
Ve
1e-07
39 20.7500000000001 -8.74999999999962
0 0

0101101
*
Ed
 1e-07 1 1 0
1  17 0 12.0000000000004 29.4999999999996
0

0101000
+167 12 -146 12 *
Ve
1e-07
39 -8.74999999999916 -20.7500000000002
0 0

0101101
*
Ed
 1e-07 1 1 0
1  8 0 3.54065360216594 4.31332803180859
2  9 2 16 3.54065360216594 4.31332803180859
2  10 2 18 3.54065360216594 4.31332803180859
0

0101000
+148 16 -144 16 *
Ve
1e-07
39 8.75000000000065 -20.7499999999999
0 0

0101101
*
Ed
 1e-07 1 1 0
1  8 0 5.11144992896085 5.88412435860347
2  9 2 16 5.11144992896085 5.88412435860347
2  10 2 18 5.11144992896085 5.88412435860347
0

0101000
+142 16 -146 16 *
Ed
 1e-07 1 1 0
1  18 0 11.9999999999993 29.4999999999991
0

0101000
+142 12 -144 12 *
Wi

0101100
-178 11 +149 15 +166 15 -147 11 -145 11 +143 15 +141 15 -140 11 *
Ve
1.00000007105427e-07
39 11.4912016823178 -15.8162822400302
0 0

0101101
*
Ve
1.00000007105427e-07
39 18.5931548935702 6.04128224003024
0 0

0101101
*
Ed
 1.00000007105427e-07 1 1 0
1  19 0 0 22.9824033646357
0

0101000
+138 23 -137 23 *
Ve
1.00000007105427e-07
39 -1.08302256052184e-14 19.55
0 0

0101101
*
Ed
 1.00000007105427e-07 1 1 0
1  20 0 0 22.9824033646357
0

0101000
+137 23 -135 23 *
Ve
1.00000007105427e-07
39 -18.5931548935703 6.04128224003023
0 0

0101101
*
Ed
 1.00000007105427e-07 1 1 0
1  21 0 0 22.9824033646357
0

0101000
+135 23 -133 23 *
Ve
1.00000007105427e-07
39 -11.4912016823179 -15.8162822400302
